0.000000,0.000000,0.000000,0.000000,0.000000,0.000000,0.000000,0.000000,0.000000,0.000000,0.000000,0.000000,0.000000,0.000000,0.000000,0.000000,0.000000,0.000000,0.000000,0.000000,0.000000,0.000000,0.000000,0.000000,0.000000,0.000000,0.000000,0.000000,0.000000,0.000000,0.000000,0.000000,0.000000,0.000000,0.000000,0.000000,0.000000,0.000000,0.000000,0.000000,0.000000,0.000000,0.000000,0.000000,0.000000,0.000000,0.000000,0.000000,0.000000,0.000000,0.000000,0.000000,0.000000,0.000000,0.000000,0.000000,0.000000,0.000000,0.000000,0.000000,0.000000,0.000000,0.000000,0.000000,0.000000,0.000000,0.000000,0.000000,0.000000,0.000000,0.000000,0.000000,0.000000,0.000000,0.000000,0.000000,0.000000,0.000000,0.000000,0.000000,0.000000,0.000000,0.000000,0.000000,0.000000,0.000000,0.000000,0.000000,0.000000,0.000000,0.000000,0.000000,0.000000,0.000000,0.000000,0.000000,0.000000,0.000000,0.000000,0.000000,0.000000,0.000000,0.000000,0.000000,0.000000,0.000000,0.000000,0.000000,0.000000,0.000000,0.000000,0.000000,0.000000,0.000000,0.000000,0.000000,0.000000,0.000000,0.000001,0.000001,0.000001,0.000001,0.000001,0.000001,0.000001,0.000001,0.000001,0.000000,0.000000,0.000000,0.000000,0.000000,0.000000,0.000000,0.000000,0.000000,0.000000,0.000000,0.000000,0.000000,0.000000,0.000000,0.000000,0.000000,0.000000,0.000000,0.000000,0.000000,0.000000,0.000000,0.000000,0.000000,0.000000,0.000000,0.000000,0.000000,0.000000,0.000000,0.000000,0.000000,0.000000,0.000000,0.000000,0.000000,0.000000,0.000001,0.000001,0.000002,0.000002,0.000003,0.000003,0.000004,0.000004,0.000004,0.000004,0.000003,0.000002,0.000002,0.000001,0.000001,0.000001,0.000000,0.000000,0.000000,0.000000,0.000000,0.000000,0.000000,0.000000,0.000000,0.000000,0.000000,0.000000,0.000000,0.000000,0.000000,0.000000,0.000000,0.000000,0.000000,0.000000,0.000000,0.000000,0.000000,0.000000,0.000000,0.000000,0.000000,0.000000,0.000000,0.000000,0.000000,0.000000,0.000001,0.000002,0.000003,0.000004,0.000006,0.000008,0.000010,0.000012,0.000014,0.000014,0.000014,0.000013,0.000011,0.000009,0.000006,0.000004,0.000003,0.000002,0.000001,0.000001,0.000000,0.000000,0.000000,0.000000,0.000000,0.000000,0.000000,0.000000,0.000000,0.000000,0.000000,0.000000,0.000000,0.000000,0.000000,0.000000,0.000000,0.000000,0.000000,0.000000,0.000000,0.000000,0.000000,0.000000,0.000000,0.000000,0.000000,0.000000,0.000001,0.000001,0.000003,0.000005,0.000008,0.000013,0.000019,0.000026,0.000034,0.000041,0.000045,0.000047,0.000046,0.000042,0.000036,0.000029,0.000021,0.000015,0.000010,0.000006,0.000003,0.000002,0.000001,0.000000,0.000000,0.000000,0.000000,0.000000,0.000000,0.000000,0.000000,0.000000,0.000000,0.000000,0.000000,0.000000,0.000000,0.000000,0.000000,0.000000,0.000000,0.000000,0.000000,0.000000,0.000000,0.000000,0.000000,0.000000,0.000000,0.000001,0.000002,0.000004,0.000009,0.000015,0.000026,0.000041,0.000060,0.000082,0.000105,0.000125,0.000140,0.000146,0.000143,0.000130,0.000111,0.000089,0.000066,0.000046,0.000030,0.000018,0.000010,0.000005,0.000003,0.000001,0.000001,0.000000,0.000000,0.000000,0.000000,0.000000,0.000000,0.000000,0.000000,0.000000,0.000000,0.000000,0.000000,0.000000,0.000000,0.000000,0.000000,0.000000,0.000000,0.000000,0.000000,0.000000,0.000000,0.000000,0.000001,0.000003,0.000006,0.000013,0.000025,0.000045,0.000075,0.000117,0.000172,0.000236,0.000302,0.000361,0.000404,0.000422,0.000412,0.000376,0.000321,0.000256,0.000190,0.000133,0.000086,0.000052,0.000030,0.000016,0.000008,0.000004,0.000002,0.000001,0.000000,0.000000,0.000000,0.000000,0.000000,0.000000,0.000000,0.000000,0.000000,0.000000,0.000000,0.000000,0.000000,0.000000,0.000000,0.000000,0.000000,0.000000,0.000000,0.000000,0.000000,0.000001,0.000003,0.000008,0.000017,0.000035,0.000067,0.000120,0.000202,0.000316,0.000464,0.000635,0.000814,0.000974,0.001089,0.001138,0.001111,0.001014,0.000865,0.000689,0.000513,0.000357,0.000232,0.000141,0.000080,0.000043,0.000021,0.000010,0.000004,0.000002,0.000001,0.000000,0.000000,0.000000,0.000000,0.000000,0.000000,0.000000,0.000000,0.000000,0.000000,0.000000,0.000000,0.000000,0.000000,0.000000,0.000000,0.000000,0.000000,0.000000,0.000001,0.000003,0.000008,0.000019,0.000043,0.000088,0.000169,0.000303,0.000508,0.000797,0.001169,0.001602,0.002051,0.002454,0.002744,0.002867,0.002800,0.002555,0.002179,0.001737,0.001294,0.000901,0.000586,0.000356,0.000202,0.000107,0.000053,0.000025,0.000011,0.000004,0.000002,0.000001,0.000000,0.000000,0.000000,0.000000,0.000000,0.000000,0.000000,0.000000,0.000000,0.000000,0.000000,0.000000,0.000000,0.000000,0.000000,0.000000,0.000000,0.000001,0.000003,0.000008,0.000019,0.000046,0.000100,0.000206,0.000397,0.000713,0.001197,0.001878,0.002753,0.003772,0.004830,0.005779,0.006462,0.006753,0.006595,0.006019,0.005133,0.004091,0.003047,0.002121,0.001380,0.000839,0.000477,0.000253,0.000126,0.000058,0.000025,0.000010,0.000004,0.000001,0.000000,0.000000,0.000000,0.000000,0.000000,0.000000,0.000000,0.000000,0.000000,0.000000,0.000000,0.000000,0.000000,0.000000,0.000000,0.000000,0.000001,0.000002,0.000006,0.000017,0.000043,0.000100,0.000221,0.000454,0.000874,0.001569,0.002635,0.004133,0.006060,0.008303,0.010631,0.012720,0.014224,0.014864,0.014516,0.013248,0.011299,0.009005,0.006708,0.004669,0.003037,0.001846,0.001049,0.000557,0.000276,0.000128,0.000056,0.000022,0.000009,0.000003,0.000001,0.000000,0.000000,0.000000,0.000000,0.000000,0.000000,0.000000,0.000000,0.000000,0.000000,0.000000,0.000000,0.000000,0.000000,0.000000,0.000001,0.000004,0.000013,0.000035,0.000088,0.000206,0.000454,0.000935,0.001797,0.003228,0.005419,0.008502,0.012464,0.017078,0.021867,0.026165,0.029258,0.030575,0.029858,0.027250,0.023241,0.018524,0.013797,0.009604,0.006247,0.003798,0.002157,0.001145,0.000568,0.000263,0.000114,0.000046,0.000017,0.000006,0.000002,0.000001,0.000000,0.000000,0.000000,0.000000,0.000000,0.000000,0.000000,0.000000,0.000000,0.000000,0.000000,0.000000,0.000000,0.000001,0.000003,0.000009,0.000025,0.000067,0.000169,0.000397,0.000874,0.001797,0.003454,0.006205,0.010417,0.016342,0.023960,0.032828,0.042033,0.050295,0.056241,0.058772,0.057396,0.052381,0.044675,0.035607,0.026522,0.018461,0.012009,0.007300,0.004147,0.002202,0.001092,0.000506,0.000219,0.000089,0.000034,0.000012,0.000004,0.000001,0.000000,0.000000,0.000000,0.000000,0.000000,0.000000,0.000000,0.000000,0.000000,0.000000,0.000000,0.000000,0.000000,0.000002,0.000005,0.000015,0.000045,0.000120,0.000303,0.000713,0.001569,0.003228,0.006205,0.011147,0.018713,0.029357,0.043041,0.058972,0.075508,0.090350,0.101031,0.105578,0.103105,0.094097,0.080253,0.063964,0.047643,0.033163,0.021572,0.013114,0.007450,0.003955,0.001962,0.000910,0.000394,0.000160,0.000060,0.000021,0.000007,0.000002,0.000001,0.000000,0.000000,0.000000,0.000000,0.000000,0.000000,0.000000,0.000000,0.000000,0.000000,0.000000,0.000001,0.000003,0.000008,0.000026,0.000075,0.000202,0.000508,0.001197,0.002635,0.005419,0.010417,0.018713,0.031414,0.049284,0.072256,0.098999,0.126760,0.151677,0.169608,0.177240,0.173089,0.157966,0.134726,0.107380,0.079982,0.055673,0.036215,0.022015,0.012507,0.006640,0.003294,0.001527,0.000662,0.000268,0.000101,0.000036,0.000012,0.000004,0.000001,0.000000,0.000000,0.000000,0.000000,0.000000,0.000000,0.000000,0.000000,0.000000,0.000000,0.000000,0.000001,0.000004,0.000013,0.000041,0.000117,0.000316,0.000797,0.001878,0.004133,0.008502,0.016342,0.029357,0.049284,0.077319,0.113358,0.155315,0.198866,0.237957,0.266088,0.278062,0.271549,0.247825,0.211363,0.168463,0.125479,0.087342,0.056816,0.034538,0.019621,0.010417,0.005168,0.002396,0.001038,0.000420,0.000159,0.000056,0.000019,0.000006,0.000002,0.000000,0.000000,0.000000,0.000000,0.000000,0.000000,0.000000,0.000000,0.000000,0.000000,0.000000,0.000002,0.000006,0.000019,0.000060,0.000172,0.000464,0.001169,0.002753,0.006060,0.012464,0.023960,0.043041,0.072256,0.113358,0.166197,0.227710,0.291561,0.348873,0.390117,0.407672,0.398123,0.363340,0.309884,0.246987,0.183966,0.128054,0.083298,0.050637,0.028767,0.015272,0.007577,0.003513,0.001522,0.000616,0.000233,0.000082,0.000027,0.000008,0.000002,0.000001,0.000000,0.000000,0.000000,0.000000,0.000000,0.000000,0.000000,0.000000,0.000000,0.000001,0.000002,0.000008,0.000026,0.000082,0.000236,0.000635,0.001602,0.003772,0.008303,0.017078,0.032828,0.058972,0.098999,0.155315,0.227710,0.311990,0.399474,0.477998,0.534507,0.558560,0.545477,0.497820,0.424578,0.338402,0.252056,0.175449,0.114129,0.069379,0.039414,0.020925,0.010382,0.004813,0.002086,0.000845,0.000320,0.000113,0.000037,0.000012,0.000003,0.000001,0.000000,0.000000,0.000000,0.000000,0.000000,0.000000,0.000000,0.000000,0.000000,0.000001,0.000003,0.000010,0.000034,0.000105,0.000302,0.000814,0.002051,0.004830,0.010631,0.021867,0.042033,0.075508,0.126760,0.198866,0.291561,0.399474,0.511489,0.612032,0.684386,0.715185,0.698433,0.637412,0.543633,0.433292,0.322734,0.224646,0.146131,0.088833,0.050466,0.026792,0.013293,0.006163,0.002670,0.001081,0.000409,0.000145,0.000048,0.000015,0.000004,0.000001,0.000000,0.000000,0.000000,0.000000,0.000000,0.000000,0.000000,0.000000,0.000000,0.000001,0.000003,0.000012,0.000041,0.000125,0.000361,0.000974,0.002454,0.005779,0.012720,0.026165,0.050295,0.090350,0.151677,0.237957,0.348873,0.477998,0.612032,0.732338,0.818916,0.855768,0.835723,0.762708,0.650494,0.518464,0.386174,0.268805,0.174856,0.106295,0.060386,0.032059,0.015906,0.007375,0.003195,0.001294,0.000490,0.000173,0.000057,0.000018,0.000005,0.000001,0.000000,0.000000,0.000000,0.000000,0.000000,0.000000,0.000000,0.000000,0.000000,0.000001,0.000004,0.000014,0.000045,0.000140,0.000404,0.001089,0.002744,0.006462,0.014224,0.029258,0.056241,0.101031,0.169608,0.266088,0.390117,0.534507,0.684386,0.818916,0.915728,0.956937,0.934522,0.852875,0.727396,0.579757,0.431827,0.300583,0.195527,0.118861,0.067525,0.035849,0.017786,0.008246,0.003573,0.001447,0.000547,0.000194,0.000064,0.000020,0.000006,0.000002,0.000000,0.000000,0.000000,0.000000,0.000000,0.000000,0.000000,0.000000,0.000000,0.000001,0.000004,0.000014,0.000047,0.000146,0.000422,0.001138,0.002867,0.006753,0.014864,0.030575,0.058772,0.105578,0.177240,0.278062,0.407672,0.558560,0.715185,0.855768,0.956937,1.000000,0.976577,0.891255,0.760130,0.605846,0.451260,0.314110,0.204326,0.124210,0.070564,0.037462,0.018586,0.008618,0.003734,0.001512,0.000572,0.000202,0.000067,0.000021,0.000006,0.000002,0.000000,0.000000,0.000000,0.000000,0.000000,0.000000,0.000000,0.000000,0.000000,0.000001,0.000004,0.000014,0.000046,0.000143,0.000412,0.001111,0.002800,0.006595,0.014516,0.029858,0.057396,0.103105,0.173089,0.271549,0.398123,0.545477,0.698433,0.835723,0.934522,0.976577,0.953702,0.870379,0.742325,0.591655,0.440690,0.306752,0.199540,0.121301,0.068911,0.036585,0.018151,0.008416,0.003646,0.001477,0.000559,0.000198,0.000065,0.000020,0.000006,0.000002,0.000000,0.000000,0.000000,0.000000,0.000000,0.000000,0.000000,0.000000,0.000000,0.000001,0.000004,0.000013,0.000042,0.000130,0.000376,0.001014,0.002555,0.006019,0.013248,0.027250,0.052381,0.094097,0.157966,0.247825,0.363340,0.497820,0.637412,0.762708,0.852875,0.891255,0.870379,0.794336,0.677470,0.539964,0.402188,0.279952,0.182107,0.110703,0.062890,0.033388,0.016565,0.007680,0.003328,0.001348,0.000510,0.000180,0.000060,0.000018,0.000005,0.000001,0.000000,0.000000,0.000000,0.000000,0.000000,0.000000,0.000000,0.000000,0.000000,0.000001,0.000003,0.000011,0.000036,0.000111,0.000321,0.000865,0.002179,0.005133,0.011299,0.023241,0.044675,0.080253,0.134726,0.211363,0.309884,0.424578,0.543633,0.650494,0.727396,0.760130,0.742325,0.677470,0.577797,0.460522,0.343016,0.238764,0.155315,0.094416,0.053637,0.028476,0.014128,0.006550,0.002838,0.001149,0.000435,0.000154,0.000051,0.000016,0.000005,0.000001,0.000000,0.000000,0.000000,0.000000,0.000000,0.000000,0.000000,0.000000,0.000000,0.000001,0.000002,0.000009,0.000029,0.000089,0.000256,0.000689,0.001737,0.004091,0.009005,0.018524,0.035607,0.063964,0.107380,0.168463,0.246987,0.338402,0.433292,0.518464,0.579757,0.605846,0.591655,0.539964,0.460522,0.367050,0.273394,0.190302,0.123790,0.075252,0.042751,0.022696,0.011260,0.005221,0.002262,0.000916,0.000347,0.000123,0.000041,0.000013,0.000004,0.000001,0.000000,0.000000,0.000000,0.000000,0.000000,0.000000,0.000000,0.000000,0.000000,0.000000,0.000002,0.000006,0.000021,0.000066,0.000190,0.000513,0.001294,0.003047,0.006708,0.013797,0.026522,0.047643,0.079982,0.125479,0.183966,0.252056,0.322734,0.386174,0.431827,0.451260,0.440690,0.402188,0.343016,0.273394,0.203636,0.141745,0.092204,0.056051,0.031843,0.016905,0.008387,0.003889,0.001685,0.000682,0.000258,0.000091,0.000030,0.000009,0.000003,0.000001,0.000000,0.000000,0.000000,0.000000,0.000000,0.000000,0.000000,0.000000,0.000000,0.000000,0.000001,0.000004,0.000015,0.000046,0.000133,0.000357,0.000901,0.002121,0.004669,0.009604,0.018461,0.033163,0.055673,0.087342,0.128054,0.175449,0.224646,0.268805,0.300583,0.314110,0.306752,0.279952,0.238764,0.190302,0.141745,0.098665,0.064181,0.039016,0.022165,0.011767,0.005838,0.002707,0.001173,0.000475,0.000180,0.000064,0.000021,0.000006,0.000002,0.000001,0.000000,0.000000,0.000000,0.000000,0.000000,0.000000,0.000000,0.000000,0.000000,0.000000,0.000001,0.000003,0.000010,0.000030,0.000086,0.000232,0.000586,0.001380,0.003037,0.006247,0.012009,0.021572,0.036215,0.056816,0.083298,0.114129,0.146131,0.174856,0.195527,0.204326,0.199540,0.182107,0.155315,0.123790,0.092204,0.064181,0.041749,0.025379,0.014418,0.007655,0.003798,0.001761,0.000763,0.000309,0.000117,0.000041,0.000014,0.000004,0.000001,0.000000,0.000000,0.000000,0.000000,0.000000,0.000000,0.000000,0.000000,0.000000,0.000000,0.000000,0.000001,0.000002,0.000006,0.000018,0.000052,0.000141,0.000356,0.000839,0.001846,0.003798,0.007300,0.013114,0.022015,0.034538,0.050637,0.069379,0.088833,0.106295,0.118861,0.124210,0.121301,0.110703,0.094416,0.075252,0.056051,0.039016,0.025379,0.015428,0.008765,0.004653,0.002309,0.001070,0.000464,0.000188,0.000071,0.000025,0.000008,0.000003,0.000001,0.000000,0.000000,0.000000,0.000000,0.000000,0.000000,0.000000,0.000000,0.000000,0.000000,0.000000,0.000000,0.000001,0.000003,0.000010,0.000030,0.000080,0.000202,0.000477,0.001049,0.002157,0.004147,0.007450,0.012507,0.019621,0.028767,0.039414,0.050466,0.060386,0.067525,0.070564,0.068911,0.062890,0.053637,0.042751,0.031843,0.022165,0.014418,0.008765,0.004979,0.002643,0.001312,0.000608,0.000263,0.000107,0.000040,0.000014,0.000005,0.000001,0.000000,0.000000,0.000000,0.000000,0.000000,0.000000,0.000000,0.000000,0.000000,0.000000,0.000000,0.000000,0.000000,0.000001,0.000002,0.000005,0.000016,0.000043,0.000107,0.000253,0.000557,0.001145,0.002202,0.003955,0.006640,0.010417,0.015272,0.020925,0.026792,0.032059,0.035849,0.037462,0.036585,0.033388,0.028476,0.022696,0.016905,0.011767,0.007655,0.004653,0.002643,0.001403,0.000696,0.000323,0.000140,0.000057,0.000021,0.000008,0.000003,0.000001,0.000000,0.000000,0.000000,0.000000,0.000000,0.000000,0.000000,0.000000,0.000000,0.000000,0.000000,0.000000,0.000000,0.000000,0.000001,0.000003,0.000008,0.000021,0.000053,0.000126,0.000276,0.000568,0.001092,0.001962,0.003294,0.005168,0.007577,0.010382,0.013293,0.015906,0.017786,0.018586,0.018151,0.016565,0.014128,0.011260,0.008387,0.005838,0.003798,0.002309,0.001312,0.000696,0.000345,0.000160,0.000069,0.000028,0.000011,0.000004,0.000001,0.000000,0.000000,0.000000,0.000000,0.000000,0.000000,0.000000,0.000000,0.000000,0.000000,0.000000,0.000000,0.000000,0.000000,0.000000,0.000000,0.000001,0.000004,0.000010,0.000025,0.000058,0.000128,0.000263,0.000506,0.000910,0.001527,0.002396,0.003513,0.004813,0.006163,0.007375,0.008246,0.008618,0.008416,0.007680,0.006550,0.005221,0.003889,0.002707,0.001761,0.001070,0.000608,0.000323,0.000160,0.000074,0.000032,0.000013,0.000005,0.000002,0.000001,0.000000,0.000000,0.000000,0.000000,0.000000,0.000000,0.000000,0.000000,0.000000,0.000000,0.000000,0.000000,0.000000,0.000000,0.000000,0.000000,0.000001,0.000002,0.000004,0.000011,0.000025,0.000056,0.000114,0.000219,0.000394,0.000662,0.001038,0.001522,0.002086,0.002670,0.003195,0.003573,0.003734,0.003646,0.003328,0.002838,0.002262,0.001685,0.001173,0.000763,0.000464,0.000263,0.000140,0.000069,0.000032,0.000014,0.000006,0.000002,0.000001,0.000000,0.000000,0.000000,0.000000,0.000000,0.000000,0.000000,0.000000,0.000000,0.000000,0.000000,0.000000,0.000000,0.000000,0.000000,0.000000,0.000000,0.000000,0.000001,0.000002,0.000004,0.000010,0.000022,0.000046,0.000089,0.000160,0.000268,0.000420,0.000616,0.000845,0.001081,0.001294,0.001447,0.001512,0.001477,0.001348,0.001149,0.000916,0.000682,0.000475,0.000309,0.000188,0.000107,0.000057,0.000028,0.000013,0.000006,0.000002,0.000001,0.000000,0.000000,0.000000,0.000000,0.000000,0.000000,0.000000,0.000000,0.000000,0.000000,0.000000,0.000000,0.000000,0.000000,0.000000,0.000000,0.000000,0.000000,0.000000,0.000000,0.000001,0.000002,0.000004,0.000009,0.000017,0.000034,0.000060,0.000101,0.000159,0.000233,0.000320,0.000409,0.000490,0.000547,0.000572,0.000559,0.000510,0.000435,0.000347,0.000258,0.000180,0.000117,0.000071,0.000040,0.000021,0.000011,0.000005,0.000002,0.000001,0.000000,0.000000,0.000000,0.000000,0.000000,0.000000,0.000000,0.000000,0.000000,0.000000,0.000000,0.000000,0.000000,0.000000,0.000000,0.000000,0.000000,0.000000,0.000000,0.000000,0.000000,0.000000,0.000001,0.000001,0.000003,0.000006,0.000012,0.000021,0.000036,0.000056,0.000082,0.000113,0.000145,0.000173,0.000194,0.000202,0.000198,0.000180,0.000154,0.000123,0.000091,0.000064,0.000041,0.000025,0.000014,0.000008,0.000004,0.000002,0.000001,0.000000,0.000000,0.000000,0.000000,0.000000,0.000000,0.000000,0.000000,0.000000,0.000000,0.000000,0.000000,0.000000,0.000000,0.000000,0.000000,0.000000,0.000000,0.000000,0.000000,0.000000,0.000000,0.000000,0.000000,0.000000,0.000001,0.000002,0.000004,0.000007,0.000012,0.000019,0.000027,0.000037,0.000048,0.000057,0.000064,0.000067,0.000065,0.000060,0.000051,0.000041,0.000030,0.000021,0.000014,0.000008,0.000005,0.000003,0.000001,0.000001,0.000000,0.000000,0.000000,0.000000,0.000000,0.000000,0.000000,0.000000,0.000000,0.000000,0.000000,0.000000,0.000000,0.000000,0.000000,0.000000,0.000000,0.000000,0.000000,0.000000,0.000000,0.000000,0.000000,0.000000,0.000000,0.000000,0.000000,0.000001,0.000001,0.000002,0.000004,0.000006,0.000008,0.000012,0.000015,0.000018,0.000020,0.000021,0.000020,0.000018,0.000016,0.000013,0.000009,0.000006,0.000004,0.000003,0.000001,0.000001,0.000000,0.000000,0.000000,0.000000,0.000000,0.000000,0.000000,0.000000,0.000000,0.000000,0.000000,0.000000,0.000000,0.000000,0.000000,0.000000,0.000000,0.000000,0.000000,0.000000,0.000000,0.000000,0.000000,0.000000,0.000000,0.000000,0.000000,0.000000,0.000000,0.000000,0.000000,0.000001,0.000001,0.000002,0.000002,0.000003,0.000004,0.000005,0.000006,0.000006,0.000006,0.000005,0.000005,0.000004,0.000003,0.000002,0.000001,0.000001,0.000000,0.000000,0.000000,0.000000,0.000000,0.000000,0.000000,0.000000,0.000000,0.000000,0.000000,0.000000,0.000000,0.000000,0.000000,0.000000,0.000000,0.000000,0.000000,0.000000,0.000000,0.000000,0.000000,0.000000,0.000000,0.000000,0.000000,0.000000,0.000000,0.000000,0.000000,0.000000,0.000000,0.000000,0.000000,0.000000,0.000001,0.000001,0.000001,0.000001,0.000002,0.000002,0.000002,0.000001,0.000001,0.000001,0.000001,0.000001,0.000000,0.000000,0.000000,0.000000,0.000000,0.000000,0.000000,0.000000,0.000000,0.000000,0.000000,0.000000,0.000000,0.000000,0.000000,0.000000,0.000000,0.000000,0.000000,0.000000,0.000000,0.000000,0.000000,0.000000,0.000000,0.000000,0.000000,0.000000,0.000000,0.000000,0.000000,0.000000,0.000000,0.000000,0.000000,0.000000,0.000000,0.000000,0.000000,0.000000,0.000000,0.000000,0.000000,0.000000,0.000000,0.000000,0.000000,0.000000,0.000000,0.000000,0.000000,0.000000,0.000000,0.000000,0.000000,0.000000,0.000000,0.000000,0.000000,0.000000,0.000000,0.000000,0.000000,0.000000,0.000000,0.000000,0.000000,0.000000,0.000000,0.000000,0.000000,0.000000,0.000000,0.000000,0.000000,0.000000,0.000000,0.000000,0.000000,0.000000,0.000000,0.000000,0.000000,0.000000,0.000000,0.000000,0.000000,0.000000,0.000000,0.000000,0.000000,0.000000,0.000000,0.000000,0.000000,0.000000,0.000000,0.000000,0.000000,0.000000,0.000000,0.000000,0.000000,0.000000,0.000000,0.000000,0.000000,0.000000,0.000000,0.000000,0.000000,0.000000,0.000000,0.000000,0.000000,0.000000,0.000000,0.000000,0.000000,0.000000,0.000000,0.000000,0.000000,0.000000,0.000000,0.000000,0.000000,0.000000,0.000000,0.000000,0.000000,0.000000,0.000000,0.000000,0.000000,0.000000,0.000000,0.000000,0.000000,0.000000,0.000000,0.000000,0.000000,0.000000,0.000000,0.000000,0.000000,0.000000,0.000000,0.000000,0.000000,0.000000,0.000000,0.000000,0.000000,0.000000,0.000000,0.000000,0.000000,0.000000,0.000000,0.000000,0.000000,0.000000,0.000000,0.000000,0.000000,0.000000,0.000000,0.000000,0.000000,0.000000,0.000000,0.000000,0.000000,0.000000,0.000000,0.000000,0.000000,0.000000,0.000000,0.000000,0.000000,0.000000,0.000000,0.000000,0.000000,0.000000,0.000000,0.000000,0.000000,0.000000,0.000000,0.000000,0.000000,0.000000,0.000000,0.000000,0.000000,0.000000,0.000000,0.000000,0.000000,0.000000,0.000000,0.000000,0.000000,0.000000,0.000000,0.000000,0.000000,0.000000,0.000000,0.000000,0.000000,0.000000,0.000000,0.000000,0.000000,0.000000,0.000000,0.000000,0.000000,0.000000,0.000000,0.000000,0.000000,0.000000,0.000000,0.000000,0.000000,0.000000,0.000000,0.000000,0.000000,0.000000,0.000000,0.000000,0.000000,0.000000,0.000000,0.000000,0.000000,0.000000,0.000000,0.000000,0.000000,0.000000,0.000000,0.000000,0.000000,0.000000,0.000000,0.000000,0.000000,0.000000,0.000000,0.000000,0.000000,0.000000,0.000000,0.000000,0.000000,0.000000,0.000000,0.000000,0.000000,0.000000,0.000000,0.000000,0.000000,0.000000,0.000000,0.000000,0.000000,0.000000,0.000000,0.000000,0.000000,0.000000,0.000000,0.000000,0.000000,0.000000,0.000000,0.000000,0.000000,0.000000,0.000000,0.000000,0.000000,0.000000,0.000000,0.000000,0.000000,0.000000,0.000000,0.000000,0.000000,0.000000,0.000000,0.000000,0.000000,0.000000,0.000000,0.000000,0.000000,0.000000,0.000000,0.000000,0.000000,0.000000,0.000000,0.000000,0.000000,0.000000,0.000000,0.000000,0.000000,0.000000,0.000000,0.000000,0.000000,0.000000,0.000000,0.000000,0.000000,0.000000,0.000000,0.000000,0.000000,0.000000,0.000000,0.000000,0.000000,0.000000,0.000000,0.000000,0.000000,0.000000,0.000000,0.000000,0.000000,0.000000,0.000000,0.000000,0.000000,0.000000,0.000000,0.000000,0.000000,0.000000,0.000000,0.000000,0.000000,0.000000,0.000000,0.000000,0.000000,0.000000,0.000000,0.000000,0.000000,0.000000,0.000000,0.000000,0.000000,0.000000,0.000000,0.000000,0.000000
