,0,1,2,3
0,0.0,90.0,10.0,0.0
1,0.0071541434313414,89.0,11.0,0.0071541434313414
2,0.02527135409160034,90.0,10.0,0.01811721066025894
3,0.1849222624708634,89.0,11.0,0.15965090837926307
4,0.18518756806298925,90.0,10.0,0.00026530559212582794
5,0.22209712131579704,89.0,11.0,0.036909553252807786
6,0.25377033451420794,90.0,10.0,0.0316732131984109
7,0.3049958598413024,89.0,11.0,0.05122552532709443
8,0.3114242112892604,88.0,12.0,0.00642835144795803
9,0.3130283034112386,89.0,11.0,0.0016040921219782128
10,0.3348688177096768,88.0,12.0,0.021840514298438207
11,0.3704961179634573,87.0,13.0,0.03562730025378053
12,0.5318660560181195,86.0,14.0,0.1613699380546622
13,0.5619223323754422,87.0,13.0,0.030056276357322706
14,0.5895616465915242,86.0,14.0,0.02763931421608205
15,0.6059903246544243,85.0,15.0,0.016428678062900062
16,0.6172866261122015,84.0,16.0,0.01129630145777729
17,0.638584479769845,83.0,17.0,0.0212978536576435
18,0.6411727162785797,84.0,16.0,0.002588236508734708
19,0.6529018728668906,83.0,17.0,0.011729156588310911
20,0.7208028109547665,82.0,18.0,0.06790093808787587
21,0.752040249391395,81.0,19.0,0.03123743843662853
22,0.7572768939561744,80.0,20.0,0.0052366445647793625
23,0.7627794327295647,79.0,21.0,0.005502538773390398
24,0.7637655833916023,78.0,22.0,0.0009861506620375369
25,0.8039372083860215,77.0,23.0,0.04017162499441912
26,0.8067897996143613,76.0,24.0,0.0028525912283397592
27,0.8405710807746751,77.0,23.0,0.033781281160313856
28,0.8568871044827713,76.0,24.0,0.01631602370809618
29,0.8618201149591476,77.0,23.0,0.004933010476376265
30,0.8738507477949665,76.0,24.0,0.012030632835818907
31,0.8785296441094043,75.0,25.0,0.004678896314437744
32,0.9017592031514174,74.0,26.0,0.023229559042013227
33,0.9202096623602348,75.0,25.0,0.018450459208817365
34,0.9276239825009405,74.0,26.0,0.00741432014070561
35,0.9384810784890445,75.0,25.0,0.010857095988104078
36,0.9496012052395841,74.0,26.0,0.011120126750539612
37,0.9507749820468193,75.0,25.0,0.001173776807235223
38,0.953181258239729,76.0,24.0,0.0024062761929096402
39,0.9850963059390615,75.0,25.0,0.03191504769933252
40,0.989607121835327,76.0,24.0,0.004510815896265422
41,1.0860799229514464,75.0,25.0,0.0964728011161194
42,1.089791469577211,74.0,26.0,0.0037115466257647612
43,1.1082209350471737,73.0,27.0,0.018429465469962707
44,1.1311211595112873,72.0,28.0,0.022900224464113602
45,1.1559870732156,73.0,27.0,0.02486591370431261
46,1.1585878555831413,74.0,26.0,0.0026007823675414325
47,1.1614875914107972,75.0,25.0,0.0028997358276559373
48,1.1893074962381338,74.0,26.0,0.027819904827336744
49,1.2104887720663622,75.0,25.0,0.021181275828228468
50,1.2169832231834905,74.0,26.0,0.0064944511171283826
51,1.237521486707779,73.0,27.0,0.020538263524288617
52,1.2913192060363121,72.0,28.0,0.053797719328532986
53,1.3094979105750761,71.0,29.0,0.018178704538764027
54,1.3129154637725808,72.0,28.0,0.0034175531975047563
55,1.323230295829925,71.0,29.0,0.010314832057344151
56,1.3766742825361777,72.0,28.0,0.05344398670625275
57,1.413653962967742,71.0,29.0,0.03697968043156419
58,1.414153712532037,70.0,30.0,0.0004997495642947962
59,1.4272716841440751,69.0,31.0,0.013117971612038131
60,1.4369114310921285,70.0,30.0,0.009639746948053444
61,1.4757191904070763,69.0,31.0,0.03880775931494783
62,1.4841605178994677,68.0,32.0,0.008441327492391425
63,1.497649444674586,69.0,31.0,0.013488926775118357
64,1.5061687138314812,70.0,30.0,0.008519269156895135
65,1.5242451229233778,69.0,31.0,0.018076409091896523
66,1.5294753591630097,70.0,30.0,0.005230236239631869
67,1.5445079828683816,71.0,29.0,0.015032623705371879
68,1.5512411431933188,70.0,30.0,0.006733160324937128
69,1.6215953106176082,71.0,29.0,0.07035416742428946
70,1.6378376882543717,72.0,28.0,0.016242377636763596
71,1.6442198366532592,73.0,27.0,0.006382148398887568
72,1.663467177673378,74.0,26.0,0.019247341020118852
73,1.7020358011057726,75.0,25.0,0.03856862343239447
74,1.7228603181614617,76.0,24.0,0.02082451705568905
75,1.727638677193126,75.0,25.0,0.004778359031664249
76,1.7881156814284196,74.0,26.0,0.06047700423529366
77,1.8354432585707263,73.0,27.0,0.04732757714230663
78,1.8596146011211916,72.0,28.0,0.02417134255046528
79,1.8610692354204508,71.0,29.0,0.001454634299259234
80,1.877991867838128,70.0,30.0,0.016922632417677216
81,1.878328302619133,71.0,29.0,0.0003364347810050127
82,1.8822232662313743,72.0,28.0,0.0038949636122411796
83,1.9051712561113663,71.0,29.0,0.02294798987999196
84,1.9298154391107212,72.0,28.0,0.02464418299935493
85,1.9755008636284255,71.0,29.0,0.04568542451770434
86,2.0854665693037937,70.0,30.0,0.1099657056753682
87,2.117306251976777,71.0,29.0,0.03183968267298315
88,2.1223910446749783,70.0,30.0,0.00508479269820142
89,2.1298874796833585,69.0,31.0,0.007496435008380063
90,2.1744867540524533,68.0,32.0,0.04459927436909492
91,2.1960078566855685,69.0,31.0,0.021521102633115206
92,2.2024617598257294,68.0,32.0,0.006453903140160847
93,2.2026039390048684,69.0,31.0,0.00014217917913911376
94,2.2053236698082714,68.0,32.0,0.00271973080340306
95,2.2268628846751737,67.0,33.0,0.02153921486690215
96,2.258679918014651,68.0,32.0,0.03181703333947696
97,2.2655857832963737,69.0,31.0,0.006905865281723026
98,2.295432853843716,70.0,30.0,0.02984707054734229
99,2.3041671247062467,69.0,31.0,0.008734270862530815
100,2.3047193853486845,68.0,32.0,0.0005522606424377822
101,2.320387886787656,69.0,31.0,0.015668501438971437
102,2.323394468726462,70.0,30.0,0.0030065819388063113
103,2.3379377836813737,69.0,31.0,0.0145433149549119
104,2.3784077560628063,68.0,32.0,0.04046997238143261
105,2.3996138286140263,67.0,33.0,0.02120607255122016
106,2.448951063478569,68.0,32.0,0.04933723486454281
107,2.493143615646785,69.0,31.0,0.044192552168215944
108,2.5169918638465916,68.0,32.0,0.02384824819980667
109,2.5291584423633777,67.0,33.0,0.012166578516786238
110,2.5459237004215893,66.0,34.0,0.016765258058211746
111,2.565806847403718,67.0,33.0,0.019883146982128647
112,2.5739943310091244,66.0,34.0,0.0081874836054062
113,2.5783947169779253,67.0,33.0,0.004400385968800723
114,2.6128528151260877,66.0,34.0,0.034458098148162454
115,2.613191484534749,65.0,35.0,0.00033866940866105
116,2.6255800485890024,64.0,36.0,0.012388564054253596
117,2.644015719001,63.0,37.0,0.018435670411997573
118,2.6611481530846017,62.0,38.0,0.017132434083601853
119,2.665389158900951,61.0,39.0,0.004241005816349087
120,2.6710780368228693,62.0,38.0,0.005688877921918311
121,2.688079899191707,63.0,37.0,0.01700186236883785
122,2.6893360028650433,62.0,38.0,0.0012561036733361758
123,2.6928983751832756,63.0,37.0,0.00356237231823239
124,2.7212398100383317,64.0,36.0,0.02834143485505622
125,2.7292153198473357,63.0,37.0,0.00797550980900401
126,2.749010268021189,64.0,36.0,0.019794948173853234
127,2.7701199543412875,63.0,37.0,0.021109686320098638
128,2.7723785731355384,64.0,36.0,0.0022586187942507828
129,2.7732652716500406,65.0,35.0,0.0008866985145020394
130,2.7788859158953922,66.0,34.0,0.0056206442453518735
131,2.8344891423457153,65.0,35.0,0.05560322645032303
132,2.8505283132246118,66.0,34.0,0.016039170878896485
133,2.8574536403212245,67.0,33.0,0.006925327096612803
134,2.889611757776105,66.0,34.0,0.03215811745488046
135,2.8910217446055575,65.0,35.0,0.0014099868294526617
136,2.921063875334262,66.0,34.0,0.0300421307287045
137,2.9315259441573107,65.0,35.0,0.010462068823048499
138,2.946146611355612,64.0,36.0,0.014620667198301247
139,2.957102850358007,65.0,35.0,0.010956239002394964
140,2.978912660874788,64.0,36.0,0.021809810516781002
141,3.0133356119994645,65.0,35.0,0.03442295112467669
142,3.025520700540151,64.0,36.0,0.012185088540686383
143,3.0362765086539194,63.0,37.0,0.010755808113768259
144,3.047155371480925,64.0,36.0,0.010878862827005618
145,3.0599650575615596,65.0,35.0,0.0128096860806345
146,3.085887642111411,66.0,34.0,0.025922584549851493
147,3.1222741289963603,65.0,35.0,0.036386486884948936
148,3.1712579063125474,64.0,36.0,0.048983777316187256
149,3.1733809856468618,63.0,37.0,0.0021230793343142394
150,3.1809511774391783,62.0,38.0,0.007570191792316532
151,3.2304480858738436,61.0,39.0,0.0494969084346653
152,3.258283988780347,62.0,38.0,0.027835902906503417
153,3.26991797141403,61.0,39.0,0.011633982633683128
154,3.281865874870928,60.0,40.0,0.011947903456897984
155,3.296531011795616,61.0,39.0,0.014665136924688122
156,3.3281467024639855,60.0,40.0,0.03161569066836949
157,3.34227599627014,59.0,41.0,0.0141292938061547
158,3.344590956323508,58.0,42.0,0.0023149600533679615
159,3.3843566368089455,57.0,43.0,0.039765680485437306
160,3.3858859474515905,56.0,44.0,0.001529310642645112
161,3.387474398353602,57.0,43.0,0.0015884509020115578
162,3.397478150991375,56.0,44.0,0.010003752637772685
163,3.399923456252038,57.0,43.0,0.0024453052606630034
164,3.4039735268613707,58.0,42.0,0.00405007060933255
165,3.4055870644723085,59.0,41.0,0.0016135376109379833
166,3.417813615409002,58.0,42.0,0.012226550936693798
167,3.4287839934268667,57.0,43.0,0.010970378017864367
168,3.4331499537762973,58.0,42.0,0.004365960349430671
169,3.4625579229574477,59.0,41.0,0.029407969181150247
170,3.469688849261769,60.0,40.0,0.007130926304321221
171,3.4730057056695394,61.0,39.0,0.0033168564077702676
172,3.4819960606766154,62.0,38.0,0.008990355007076229
173,3.498987001432347,63.0,37.0,0.016990940755731834
174,3.499511986585871,64.0,36.0,0.000524985153523548
175,3.522774030975404,63.0,37.0,0.023262044389533474
176,3.5489026584522096,62.0,38.0,0.02612862747680544
177,3.5727322446250303,63.0,37.0,0.023829586172820695
178,3.5784403818951462,64.0,36.0,0.005708137270115832
179,3.581424884701683,65.0,35.0,0.0029845028065369978
180,3.59637338219136,64.0,36.0,0.014948497489677182
181,3.6059005468062635,63.0,37.0,0.009527164614903216
182,3.61289053616248,64.0,36.0,0.006989989356216334
183,3.622550011276631,65.0,35.0,0.009659475114151045
184,3.661802500586449,64.0,36.0,0.03925248930981771
185,3.673434181971464,63.0,37.0,0.011631681385015063
186,3.6897064523053507,64.0,36.0,0.01627227033388679
187,3.7022965785778417,63.0,37.0,0.012590126272491195
188,3.704935879595797,62.0,38.0,0.002639301017955479
189,3.7587825389606193,63.0,37.0,0.05384665936482218
190,3.759315322747615,64.0,36.0,0.0005327837869954143
191,3.7792923216931067,65.0,35.0,0.01997699894549186
192,3.805569984608286,64.0,36.0,0.026277662915179495
193,3.8205707712165538,65.0,35.0,0.015000786608267454
194,3.8378258977100526,66.0,34.0,0.017255126493498644
195,3.8422321790638154,67.0,33.0,0.004406281353762783
196,3.8611309466789856,66.0,34.0,0.018898767615170287
197,3.8735862606898332,67.0,33.0,0.012455314010847632
198,3.903341988219293,66.0,34.0,0.029755727529459732
199,3.9064977597123436,65.0,35.0,0.003155771493050974
200,3.9170358053014196,66.0,34.0,0.010538045589076114
201,3.9490718696348037,65.0,35.0,0.032036064333384316
202,3.951789457364713,66.0,34.0,0.0027175877299091813
203,3.9729181582441497,67.0,33.0,0.021128700879436618
204,3.980002678512458,66.0,34.0,0.0070845202683082024
205,3.9915032177216103,65.0,35.0,0.011500539209152243
206,3.9959163087246528,66.0,34.0,0.004413091003042224
207,3.997516351770431,67.0,33.0,0.0016000430457781124
208,4.018058929961904,68.0,32.0,0.020542578191473097
209,4.028729910876485,67.0,33.0,0.010670980914581175
210,4.044497098642978,68.0,32.0,0.015767187766493343
211,4.051253440094423,69.0,31.0,0.006756341451445004
212,4.069370137200164,68.0,32.0,0.01811669710574147
213,4.088950929595719,67.0,33.0,0.0195807923955548
214,4.124661659981075,68.0,32.0,0.03571073038535533
215,4.134935145901327,69.0,31.0,0.010273485920251995
216,4.137002149773317,68.0,32.0,0.0020670038719896987
217,4.142977871356523,67.0,33.0,0.0059757215832062565
218,4.222260093183011,68.0,32.0,0.07928222182648752
219,4.223434493308872,67.0,33.0,0.0011744001258613918
220,4.230723491016958,66.0,34.0,0.007288997708086023
221,4.244233610590441,67.0,33.0,0.013510119573482908
222,4.261129666157917,66.0,34.0,0.01689605556747586
223,4.261728872110176,65.0,35.0,0.0005992059522590232
224,4.283983843084734,64.0,36.0,0.0222549709745581
225,4.287357968694588,63.0,37.0,0.003374125609853666
226,4.304292965514095,64.0,36.0,0.016934996819506772
227,4.33511755288207,65.0,35.0,0.03082458736797549
228,4.335659263798842,66.0,34.0,0.000541710916771606
229,4.351570487331194,67.0,33.0,0.01591122353235206
230,4.367418272460484,66.0,34.0,0.015847785129290234
231,4.372040017853981,67.0,33.0,0.0046217453934961905
232,4.377645478946396,66.0,34.0,0.005605461092415046
233,4.439428339987854,65.0,35.0,0.06178286104145832
234,4.446898980377131,64.0,36.0,0.007470640389276053
235,4.4509630398535185,65.0,35.0,0.00406405947638809
236,4.510939745035717,66.0,34.0,0.059976705182198324
237,4.522269394719314,65.0,35.0,0.011329649683596643
238,4.550627727925413,66.0,34.0,0.02835833320609895
239,4.554850846748783,65.0,35.0,0.004223118823370095
240,4.557471815660273,64.0,36.0,0.002620968911489974
241,4.55912187266125,63.0,37.0,0.001650057000977066
242,4.565038630015152,64.0,36.0,0.005916757353902318
243,4.61099566519543,63.0,37.0,0.045957035180277446
244,4.6277234923642085,64.0,36.0,0.016727827168777923
245,4.631715401560375,65.0,35.0,0.003991909196166387
246,4.671457980523206,66.0,34.0,0.03974257896283132
247,4.6721819462542165,67.0,33.0,0.0007239657310109355
248,4.691257907730256,66.0,34.0,0.01907596147603961
249,4.705554364091293,65.0,35.0,0.014296456361037505
250,4.713652830005513,64.0,36.0,0.008098465914219194
251,4.723113128300852,63.0,37.0,0.009460298295339028
252,4.7322372789692935,62.0,38.0,0.009124150668440805
253,4.746008817557803,63.0,37.0,0.013771538588508691
254,4.752411588487602,64.0,36.0,0.006402770929799133
255,4.757278533445529,63.0,37.0,0.004866944957926805
256,4.769163417598241,64.0,36.0,0.011884884152712147
257,4.772274620424848,65.0,35.0,0.003111202826606836
258,4.789737783737065,64.0,36.0,0.01746316331221769
259,4.810450356012556,63.0,37.0,0.02071257227549075
260,4.818817373570341,64.0,36.0,0.008367017557785536
261,4.831895787141492,63.0,37.0,0.013078413571151012
262,4.855943398366548,64.0,36.0,0.02404761122505625
263,4.888661306923293,63.0,37.0,0.03271790855674555
264,4.898485941686448,64.0,36.0,0.009824634763154804
265,4.914527436212422,65.0,35.0,0.01604149452597472
266,4.942990401975686,64.0,36.0,0.02846296576326344
267,4.9587209167294235,63.0,37.0,0.015730514753737573
268,4.982570889320539,62.0,38.0,0.023849972591115008
269,4.990404957492681,61.0,39.0,0.007834068172142139
270,4.992002972558076,60.0,40.0,0.0015980150653945506
271,4.9925001598343135,61.0,39.0,0.0004971872762369777
272,5.004385114757049,60.0,40.0,0.0118849549227359
273,5.004872748412839,61.0,39.0,0.00048763365578946777
274,5.018208443930478,62.0,38.0,0.013335695517638808
275,5.041465520036881,61.0,39.0,0.02325707610640301
276,5.050600485699355,62.0,38.0,0.009134965662473616
277,5.055690699627551,61.0,39.0,0.005090213928195708
278,5.065445154573711,60.0,40.0,0.009754454946160118
279,5.080977112849934,59.0,41.0,0.015531958276222852
280,5.081283568140497,60.0,40.0,0.0003064552905635872
281,5.096710785459473,61.0,39.0,0.015427217318975872
282,5.100918565719745,60.0,40.0,0.004207780260271674
283,5.117150883837874,59.0,41.0,0.016232318118128853
284,5.129090533232171,60.0,40.0,0.01193964939429763
285,5.133693593276139,59.0,41.0,0.0046030600439686846
286,5.145659987942643,58.0,42.0,0.011966394666503271
287,5.147297947354557,57.0,43.0,0.0016379594119142475
288,5.150359369753221,56.0,44.0,0.0030614223986638756
289,5.155650863821967,57.0,43.0,0.005291494068746818
290,5.156910923824423,58.0,42.0,0.0012600600024558106
291,5.157741116350798,59.0,41.0,0.0008301925263751193
292,5.15980362604321,60.0,40.0,0.0020625096924126404
293,5.160962159928092,59.0,41.0,0.0011585338848815678
294,5.163061050379964,60.0,40.0,0.0020988904518725927
295,5.178515819013876,61.0,39.0,0.015454768633912567
296,5.186513663182891,62.0,38.0,0.007997844169015049
297,5.2184935154747825,63.0,37.0,0.03197985229189077
298,5.227681226496788,64.0,36.0,0.009187711022005263
299,5.28621337828239,63.0,37.0,0.05853215178560257
300,5.301210173870777,62.0,38.0,0.014996795588386382
301,5.307719456356556,63.0,37.0,0.006509282485778749
302,5.311767793839661,62.0,38.0,0.004048337483105808
303,5.322910245191813,61.0,39.0,0.011142451352151694
304,5.326271856309273,62.0,38.0,0.0033616111174595113
305,5.337217730643092,61.0,39.0,0.010945874333819324
306,5.340001031614444,60.0,40.0,0.0027833009713525356
307,5.344530347981532,61.0,39.0,0.004529316367087817
308,5.365047755065189,62.0,38.0,0.020517407083656375
309,5.394591018333217,63.0,37.0,0.029543263268027874
310,5.398875499460923,64.0,36.0,0.004284481127705593
311,5.4037526057009275,63.0,37.0,0.004877106240004953
312,5.410893420010716,62.0,38.0,0.007140814309787869
313,5.417743203088663,63.0,37.0,0.006849783077947551
314,5.429243314021046,64.0,36.0,0.011500110932382892
315,5.451936622769055,65.0,35.0,0.022693308748008532
316,5.458511333107529,66.0,34.0,0.006574710338473771
317,5.459805528628173,65.0,35.0,0.001294195520643656
318,5.462860435227525,64.0,36.0,0.0030549065993523937
319,5.502820831000113,63.0,37.0,0.039960395772588246
320,5.512840803864014,64.0,36.0,0.010019972863901066
321,5.515241862393809,63.0,37.0,0.0024010585297947625
322,5.536729922344553,64.0,36.0,0.021488059950743956
323,5.563957369764906,65.0,35.0,0.027227447420353313
324,5.575930715084764,66.0,34.0,0.011973345319858062
325,5.576206228397838,67.0,33.0,0.00027551331307370587
326,5.577863505070244,68.0,32.0,0.0016572766724059825
327,5.581274488777292,69.0,31.0,0.003410983707047607
328,5.582511255978975,68.0,32.0,0.0012367672016828767
329,5.608582056298485,67.0,33.0,0.026070800319509996
330,5.627458272795465,68.0,32.0,0.018876216496980458
331,5.630536191644433,67.0,33.0,0.0030779188489674313
332,5.6330009630867,68.0,32.0,0.0024647714422670634
333,5.671922700354983,67.0,33.0,0.03892173726828272
334,5.69902433179184,66.0,34.0,0.02710163143685681
335,5.715699236456387,67.0,33.0,0.016674904664547092
336,5.71784091690094,66.0,34.0,0.002141680444553342
337,5.718091433334359,67.0,33.0,0.00025051643341913126
338,5.719430291385888,66.0,34.0,0.0013388580515289318
339,5.731366355020909,65.0,35.0,0.011936063635021477
340,5.762036281605262,66.0,34.0,0.030669926584353118
341,5.763709404747772,67.0,33.0,0.0016731231425100345
342,5.767517632015317,66.0,34.0,0.0038082272675453136
343,5.771379121503109,67.0,33.0,0.0038614894877924684
344,5.775528999455196,66.0,34.0,0.004149877952087227
345,5.794722055883954,65.0,35.0,0.019193056428757512
346,5.809630788517697,66.0,34.0,0.014908732633743529
347,5.849415176279831,67.0,33.0,0.039784387762134145
348,5.855540314453044,68.0,32.0,0.006125138173212398
349,5.8556645826896485,69.0,31.0,0.00012426823660535144
350,5.860818819176098,70.0,30.0,0.005154236486449067
351,5.866709281532521,71.0,29.0,0.005890462356423292
352,5.867531894661454,72.0,28.0,0.0008226131289328588
353,5.904014712177405,71.0,29.0,0.03648281751595114
354,5.935785093590491,70.0,30.0,0.0317703814130855
355,5.946473108167096,71.0,29.0,0.010688014576604682
356,5.964537285898986,72.0,28.0,0.018064177731890525
357,5.971661981515354,71.0,29.0,0.007124695616368522
358,6.053797353536019,72.0,28.0,0.08213537202066538
359,6.0907554299604625,71.0,29.0,0.03695807642444335
360,6.093197781445635,72.0,28.0,0.0024423514851729766
361,6.12797915162724,71.0,29.0,0.03478137018160502
362,6.162453751127868,70.0,30.0,0.03447459950062715
363,6.182802111942714,71.0,29.0,0.020348360814847127
364,6.189142065846665,72.0,28.0,0.006339953903950705
365,6.194882614929333,71.0,29.0,0.005740549082667932
366,6.196798044883315,70.0,30.0,0.0019154299539822816
367,6.27124128206645,71.0,29.0,0.07444323718313497
368,6.276883380173311,72.0,28.0,0.005642098106861479
369,6.283256089801746,71.0,29.0,0.006372709628434582
370,6.319680357963701,70.0,30.0,0.03642426816195528
371,6.364153941624046,69.0,31.0,0.044473583660345
372,6.4086469004260245,70.0,30.0,0.04449295880197782
373,6.435446808032861,69.0,31.0,0.02679990760683658
374,6.441723057636127,70.0,30.0,0.0062762496032661985
375,6.44307937282878,69.0,31.0,0.0013563151926533025
376,6.4596675566933275,68.0,32.0,0.01658818386454726
377,6.45967907702422,67.0,33.0,1.1520330892733537e-05
378,6.4692077216250725,68.0,32.0,0.009528644600851833
379,6.475854978242405,67.0,33.0,0.006647256617332821
380,6.493623915682598,66.0,34.0,0.01776893744019207
381,6.495018808469117,65.0,35.0,0.0013948927865196142
382,6.521836834985445,66.0,34.0,0.026818026516327222
383,6.52558865116279,65.0,35.0,0.003751816177345517
384,6.5394615503568225,66.0,34.0,0.013872899194032177
385,6.56073483811247,65.0,35.0,0.02127328775564777
386,6.579679094458353,64.0,36.0,0.018944256345882742
387,6.583140164724741,65.0,35.0,0.003461070266388388
388,6.6064482015970905,66.0,34.0,0.023308036872349794
389,6.627481085342538,65.0,35.0,0.02103288374544781
390,6.6303119000822575,64.0,36.0,0.0028308147397193588
391,6.63552387446055,63.0,37.0,0.005211974378292387
392,6.642160621550241,64.0,36.0,0.006636747089690506
393,6.644941984277442,65.0,35.0,0.002781362727200871
394,6.661794071560292,66.0,34.0,0.01685208728285029
395,6.663350308028552,65.0,35.0,0.0015562364682595894
396,6.669277973300152,64.0,36.0,0.005927665271599484
397,6.674818934162909,65.0,35.0,0.005540960862757187
398,6.680250980120678,66.0,34.0,0.005432045957769155
399,6.693087924622531,65.0,35.0,0.012836944501852635
400,6.694704254037276,64.0,36.0,0.001616329414745428
401,6.703583665011465,63.0,37.0,0.00887941097418876
402,6.708366520432082,62.0,38.0,0.0047828554206179475
403,6.7187870443808055,61.0,39.0,0.010420523948723007
404,6.725314803566033,60.0,40.0,0.006527759185228163
405,6.736046898171029,59.0,41.0,0.010732094604995706
406,6.761744027344828,58.0,42.0,0.025697129173799085
407,6.774961488188667,57.0,43.0,0.013217460843838987
408,6.780218988284969,58.0,42.0,0.0052575000963027314
409,6.780367639055032,59.0,41.0,0.00014865077006317705
410,6.786685359107749,58.0,42.0,0.0063177200527175115
411,6.795743109677126,57.0,43.0,0.00905775056937652
412,6.8236801178016995,58.0,42.0,0.02793700812457371
413,6.842783891756885,59.0,41.0,0.019103773955185945
414,6.869956991054289,60.0,40.0,0.027173099297403497
415,6.871317228310927,59.0,41.0,0.0013602372566384427
416,6.876355522692863,58.0,42.0,0.0050382943819361784
417,6.91583303614165,57.0,43.0,0.039477513448786555
418,6.9265682027044,56.0,44.0,0.010735166562750273
419,6.937682335368934,57.0,43.0,0.01111413266453356
420,6.965638202780443,56.0,44.0,0.027955867411509048
421,6.9870073048645835,57.0,43.0,0.02136910208414035
422,7.013960009972206,58.0,42.0,0.026952705107622585
423,7.020357778343622,57.0,43.0,0.006397768371416279
424,7.025699043541523,58.0,42.0,0.005341265197900631
425,7.0313478153064635,59.0,41.0,0.005648771764940946
426,7.035390096917192,60.0,40.0,0.004042281610728445
427,7.040454755782521,61.0,39.0,0.005064658865328378
428,7.0552571686608445,62.0,38.0,0.014802412878323635
429,7.056126882658698,63.0,37.0,0.0008697139978532053
430,7.063941501538609,64.0,36.0,0.007814618879910903
431,7.07720341672225,63.0,37.0,0.013261915183641757
432,7.10434956330414,62.0,38.0,0.027146146581889893
433,7.107807117267618,61.0,39.0,0.0034575539634779284
434,7.121785935092481,60.0,40.0,0.013978817824862927
435,7.123701449866128,61.0,39.0,0.0019155147736469047
436,7.130217616602034,62.0,38.0,0.006516166735906399
437,7.130323766406497,63.0,37.0,0.00010614980446251948
438,7.137298937965886,64.0,36.0,0.0069751715593886045
439,7.144617350450704,63.0,37.0,0.007318412484818279
440,7.155989244403775,64.0,36.0,0.0113718939530714
441,7.156151920273985,63.0,37.0,0.0001626758702099152
442,7.156713773832583,64.0,36.0,0.000561853558597579
443,7.160328575927571,65.0,35.0,0.003614802094988461
444,7.1849877648872145,64.0,36.0,0.02465918895964352
445,7.189477008856507,63.0,37.0,0.004489243969292122
446,7.191267404718785,64.0,36.0,0.0017903958622775716
447,7.192025788094324,65.0,35.0,0.0007583833755394049
448,7.256826012957854,66.0,34.0,0.06480022486352956
449,7.261430441172625,67.0,33.0,0.0046044282147718095
450,7.2809210681368315,66.0,34.0,0.01949062696420572
451,7.287185739724438,65.0,35.0,0.006264671587606554
452,7.293087625137091,66.0,34.0,0.005901885412653058
453,7.3013055709201815,65.0,35.0,0.008217945783089983
454,7.307886274438794,64.0,36.0,0.006580703518612536
455,7.350998567328782,63.0,37.0,0.04311229288998722
456,7.356453396544376,64.0,36.0,0.005454829215594142
457,7.3573944031808205,63.0,37.0,0.0009410066364445918
458,7.361559249045798,62.0,38.0,0.004164845864977611
459,7.379011821203637,61.0,39.0,0.017452572157839324
460,7.39686839245825,62.0,38.0,0.01785657125461362
461,7.3994431011872726,61.0,39.0,0.002574708729021841
462,7.419436256962096,62.0,38.0,0.019993155774823967
463,7.422325920373762,61.0,39.0,0.0028896634116657763
464,7.423614580604194,60.0,40.0,0.001288660230431669
465,7.426937820932718,59.0,41.0,0.0033232403285245312
466,7.439351261327609,60.0,40.0,0.012413440394890573
467,7.440414421211023,59.0,41.0,0.0010631598834140808
468,7.4789127832631745,58.0,42.0,0.03849836205215166
469,7.4798671888327215,59.0,41.0,0.0009544055695473912
470,7.4831198884999495,58.0,42.0,0.0032526996672276602
471,7.488374835298061,57.0,43.0,0.005254946798111978
472,7.506030133624196,58.0,42.0,0.017655298326134935
473,7.506356882344526,59.0,41.0,0.00032674872032987357
474,7.507295645009121,60.0,40.0,0.000938762664594893
475,7.523659243560709,59.0,41.0,0.016363598551587557
476,7.527886697666917,58.0,42.0,0.004227454106207609
477,7.536540875329586,57.0,43.0,0.008654177662669542
478,7.553473010822354,58.0,42.0,0.016932135492767748
479,7.563542115818245,59.0,41.0,0.01006910499589065
480,7.56554531729783,60.0,40.0,0.002003201479585611
481,7.602947913204408,61.0,39.0,0.03740259590657871
482,7.640599011189449,62.0,38.0,0.03765109798504117
483,7.644344606774872,63.0,37.0,0.0037455955854230082
484,7.720968221651797,64.0,36.0,0.07662361487692484
485,7.723750918225449,63.0,37.0,0.002782696573651699
486,7.736252159933247,62.0,38.0,0.012501241707798063
487,7.741331554611146,63.0,37.0,0.0050793946778983886
488,7.744925058373579,64.0,36.0,0.0035935037624332962
489,7.773322480576829,65.0,35.0,0.028397422203250363
490,7.780496430344263,66.0,34.0,0.00717394976743387
491,7.783682230838084,65.0,35.0,0.0031858004938219242
492,7.785385218779342,66.0,34.0,0.001702987941257347
493,7.80308062784027,67.0,33.0,0.01769540906092772
494,7.8040332659826825,66.0,34.0,0.0009526381424128868
495,7.805702636703518,67.0,33.0,0.001669370720835378
496,7.813282150125157,68.0,32.0,0.007579513421639125
497,7.8959971820611035,67.0,33.0,0.0827150319359464
498,7.905125042189653,68.0,32.0,0.009127860128549412
499,7.916056250612181,69.0,31.0,0.010931208422528435
500,7.978994735648693,68.0,32.0,0.0629384850365121
501,7.994691850417023,67.0,33.0,0.015697114768329756
502,8.004170393791803,66.0,34.0,0.00947854337478075
503,8.004502472106891,67.0,33.0,0.0003320783150883018
504,8.00506774914358,66.0,34.0,0.0005652770366886815
505,8.00596090688031,65.0,35.0,0.0008931577367307203
506,8.015227447846863,66.0,34.0,0.009266540966553893
507,8.02249576979107,67.0,33.0,0.007268321944205919
508,8.039013691254585,68.0,32.0,0.016517921463515568
509,8.043243832503354,67.0,33.0,0.004230141248769274
510,8.120637272861856,68.0,32.0,0.07739344035850215
511,8.124664449849515,69.0,31.0,0.00402717698765827
512,8.12760586764913,68.0,32.0,0.00294141779961586
513,8.142061825751204,67.0,33.0,0.014455958102073958
514,8.144776461034931,68.0,32.0,0.0027146352837264685
515,8.154556592142152,67.0,33.0,0.009780131107219635
516,8.167675583240491,66.0,34.0,0.013118991098340325
517,8.197600058764628,65.0,35.0,0.02992447552413758
518,8.205371452268201,66.0,34.0,0.007771393503572216
519,8.225482813358546,65.0,35.0,0.020111361090345177
520,8.23663491432035,64.0,36.0,0.011152100961803014
521,8.240498592997051,63.0,37.0,0.0038636786767012746
522,8.268147018756691,64.0,36.0,0.027648425759639682
523,8.321137438582738,65.0,35.0,0.052990419826046485
524,8.324552846867135,64.0,36.0,0.003415408284396238
525,8.329769272758666,63.0,37.0,0.005216425891529997
526,8.338142708191171,64.0,36.0,0.008373435432504173
527,8.369755762694163,63.0,37.0,0.031613054502992365
528,8.371484206992928,62.0,38.0,0.0017284442987642581
529,8.37225448156859,61.0,39.0,0.000770274575661287
530,8.37514590080272,62.0,38.0,0.0028914192341300995
531,8.394447732437055,63.0,37.0,0.019301831634335458
532,8.4211680321358,64.0,36.0,0.026720299698744638
533,8.426801491569064,63.0,37.0,0.005633459433263448
534,8.440696766289385,62.0,38.0,0.01389527472032047
535,8.445467260880271,61.0,39.0,0.004770494590886952
536,8.46226237359015,60.0,40.0,0.0167951127098785
537,8.462961901955053,59.0,41.0,0.0006995283649020642
538,8.46909040807942,58.0,42.0,0.006128506124368313
539,8.498869293588992,59.0,41.0,0.02977888550957097
540,8.57613648378032,60.0,40.0,0.07726719019132869
541,8.626520674215106,59.0,41.0,0.050384190434786084
542,8.643731394862318,60.0,40.0,0.017210720647212286
543,8.654220692179132,61.0,39.0,0.010489297316814373
544,8.665637087865054,60.0,40.0,0.011416395685921649
545,8.669721791662738,61.0,39.0,0.004084703797683102
546,8.692519225836747,60.0,40.0,0.022797434174010225
547,8.700487952231631,59.0,41.0,0.007968726394883517
548,8.739948328059027,58.0,42.0,0.03946037582739589
549,8.746019894735092,59.0,41.0,0.006071566676063911
550,8.753914532230533,58.0,42.0,0.007894637495441663
551,8.77777431070706,57.0,43.0,0.0238597784765264
552,8.81345953585359,56.0,44.0,0.035685225146531885
553,8.819298113699135,55.0,45.0,0.0058385778455442095
554,8.821935009101551,56.0,44.0,0.0026368954024161583
555,8.842312939308721,57.0,43.0,0.020377930207170197
556,8.852353334929234,58.0,42.0,0.010040395620512144
557,8.860731031293167,57.0,43.0,0.008377696363933566
558,8.865179631102556,56.0,44.0,0.004448599809389351
559,8.871956645919697,55.0,45.0,0.006777014817141309
560,8.88022551258162,56.0,44.0,0.008268866661922739
561,8.884609440037591,57.0,43.0,0.004383927455972893
562,8.888939974565291,56.0,44.0,0.004330534527700122
563,8.893107969202557,55.0,45.0,0.004167994637266182
564,8.90632205844532,56.0,44.0,0.013214089242763731
565,8.939150995025571,55.0,45.0,0.0328289365802497
566,8.948287116063137,54.0,46.0,0.009136121037565175
567,8.989809019663783,53.0,47.0,0.04152190360064566
568,9.023775342377755,52.0,48.0,0.03396632271397261
569,9.068163408262384,51.0,49.0,0.04438806588462813
570,9.071200999742612,52.0,48.0,0.003037591480227256
571,9.071713361562885,53.0,47.0,0.0005123618202736798
572,9.073388681986357,54.0,46.0,0.0016753204234721303
573,9.08961037793725,53.0,47.0,0.016221695950892515
574,9.11938632790873,54.0,46.0,0.029775949971479247
575,9.124325469080883,53.0,47.0,0.004939141172152917
576,9.127128446198657,54.0,46.0,0.0028029771177745513
577,9.150708939037957,55.0,45.0,0.023580492839299333
578,9.17740211289333,56.0,44.0,0.026693173855372093
579,9.18617057208222,55.0,45.0,0.008768459188890845
580,9.200664710015634,56.0,44.0,0.014494137933412558
581,9.208858050234582,57.0,43.0,0.008193340218948344
582,9.211950496073923,56.0,44.0,0.0030924458393415738
583,9.228219377853392,57.0,43.0,0.016268881779468794
584,9.247012561888251,56.0,44.0,0.01879318403485817
585,9.2533152860836,55.0,45.0,0.00630272419534859
586,9.256109378874298,56.0,44.0,0.002794092790697182
587,9.26082119568696,57.0,43.0,0.004711816812661903
588,9.262723349890443,56.0,44.0,0.0019021542034822916
589,9.264025590660147,57.0,43.0,0.0013022407697042958
590,9.265761269183612,58.0,42.0,0.00173567852346571
591,9.289048402491886,59.0,41.0,0.02328713330827486
592,9.295375362325906,60.0,40.0,0.0063269598340201785
593,9.346372620221517,59.0,41.0,0.050997257895611374
594,9.36465274578895,58.0,42.0,0.01828012556743281
595,9.382152835634544,59.0,41.0,0.017500089845595014
596,9.388856818806842,58.0,42.0,0.006703983172296892
597,9.410754936095511,57.0,43.0,0.021898117288670405
598,9.414321203125747,58.0,42.0,0.003566267030234832
599,9.44438630753188,57.0,43.0,0.030065104406133126
600,9.445464921228766,58.0,42.0,0.0010786136968856024
601,9.46187876042927,57.0,43.0,0.016413839200504234
602,9.484701388558323,58.0,42.0,0.022822628129051673
603,9.502119383270374,59.0,41.0,0.017417994712050612
604,9.535833695916367,58.0,42.0,0.03371431264599334
605,9.547171834756677,59.0,41.0,0.011338138840310596
606,9.55473985189489,60.0,40.0,0.007568017138213363
607,9.581993246427636,59.0,41.0,0.027253394532745768
608,9.62506081370364,60.0,40.0,0.043067567276003846
609,9.625485530276448,61.0,39.0,0.0004247165728065325
610,9.639412064229292,62.0,38.0,0.01392653395284456
611,9.644151828428543,61.0,39.0,0.004739764199249671
612,9.659994938807321,62.0,38.0,0.015843110378777912
613,9.663765430671887,63.0,37.0,0.003770491864566854
614,9.664273884585686,62.0,38.0,0.0005084539137984684
615,9.664910517059102,61.0,39.0,0.0006366324734164433
616,9.670569977534445,60.0,40.0,0.005659460475342514
617,9.68360155403823,61.0,39.0,0.01303157650378502
618,9.726027896947457,62.0,38.0,0.04242634290922628
619,9.73545921691205,63.0,37.0,0.009431319964591975
620,9.740714632618818,64.0,36.0,0.005255415706767954
621,9.746608492865377,65.0,35.0,0.005893860246559224
622,9.758235771980718,64.0,36.0,0.011627279115340894
623,9.772451025148872,65.0,35.0,0.014215253168153662
624,9.818906343178277,64.0,36.0,0.04645531802940615
625,9.836459404772924,63.0,37.0,0.01755306159464641
626,9.842949197420888,62.0,38.0,0.006489792647963013
627,9.86739196078756,61.0,39.0,0.0244427633666711
628,9.872360647076906,62.0,38.0,0.004968686289347285
629,9.877940269621607,63.0,37.0,0.005579622544700582
630,9.886395283326634,64.0,36.0,0.008455013705025808
631,9.892082850963913,65.0,35.0,0.005687567637278759
632,9.897212454208441,64.0,36.0,0.0051296032445278
633,9.935566147331492,65.0,35.0,0.03835369312305059
634,9.961779789257482,66.0,34.0,0.026213641925989555
635,9.963485121052763,65.0,35.0,0.0017053317952800333
636,9.982718912826945,64.0,36.0,0.019233791774182246
637,9.986987410828773,63.0,37.0,0.00426849800182787
638,10.02857173781886,62.0,38.0,0.0415843269900867
639,10.029193210733283,63.0,37.0,0.0006214729144234729
640,10.034610229867369,64.0,36.0,0.005417019134086062
641,10.037241787277132,63.0,37.0,0.0026315574097644854
642,10.041221540822917,64.0,36.0,0.00397975354578561
643,10.047179277640778,63.0,37.0,0.005957736817860716
644,10.061300540887999,62.0,38.0,0.014121263247220382
645,10.078413573384358,63.0,37.0,0.017113032496359624
646,10.129897450949976,62.0,38.0,0.0514838775656174
647,10.131030030285785,61.0,39.0,0.0011325793358105216
648,10.142257680910115,62.0,38.0,0.011227650624330225
649,10.145740266666351,63.0,37.0,0.003482585756235841
650,10.150286807048396,62.0,38.0,0.004546540382044899
651,10.17125329178718,63.0,37.0,0.020966484738784225
652,10.177596559951683,64.0,36.0,0.006343268164502961
653,10.189103442030602,65.0,35.0,0.011506882078919584
654,10.215367210208187,64.0,36.0,0.02626376817758605
655,10.228754655450505,63.0,37.0,0.013387445242318026
656,10.290227545037649,64.0,36.0,0.061472889587143524
657,10.323409362366515,65.0,35.0,0.03318181732886699
658,10.325507040401781,64.0,36.0,0.002097678035266455
659,10.33911445740161,63.0,37.0,0.013607416999828724
660,10.360637681858053,64.0,36.0,0.02152322445644339
661,10.388556157089551,63.0,37.0,0.0279184752314989
662,10.394409957936011,64.0,36.0,0.005853800846458714
663,10.403946759370653,65.0,35.0,0.009536801434641803
664,10.415768384644677,66.0,34.0,0.011821625274023952
665,10.421694704840899,67.0,33.0,0.005926320196221908
666,10.454867441942161,68.0,32.0,0.033172737101262874
667,10.455054334685563,67.0,33.0,0.00018689274340140277
668,10.497658933567664,66.0,34.0,0.04260459888210043
669,10.500316194667727,67.0,33.0,0.0026572611000640002
670,10.534364396866245,68.0,32.0,0.034048202198517015
671,10.58146315194305,69.0,31.0,0.04709875507680489
672,10.5846897465155,68.0,32.0,0.0032265945724488146
673,10.596201807598469,67.0,33.0,0.01151206108297008
674,10.60761459325221,68.0,32.0,0.011412785653740914
675,10.619026753309662,69.0,31.0,0.011412160057451055
676,10.627458695556031,70.0,30.0,0.008431942246369829
677,10.681435780446217,71.0,29.0,0.05397708489018608
678,10.686835065954085,70.0,30.0,0.005399285507868609
679,10.71607489781384,69.0,31.0,0.029239831859755514
680,10.74682473500619,70.0,30.0,0.030749837192349513
681,10.747084154380238,69.0,31.0,0.0002594193740484349
682,10.754358734057293,68.0,32.0,0.007274579677055987
683,10.765056711279273,67.0,33.0,0.01069797722198013
684,10.7938850777119,66.0,34.0,0.02882836643262775
685,10.820239501461247,67.0,33.0,0.026354423749346066
686,10.841653606822632,68.0,32.0,0.021414105361386274
687,10.848454050003454,69.0,31.0,0.006800443180822524
688,10.86044161466327,70.0,30.0,0.011987564659815517
689,10.871126360149448,71.0,29.0,0.010684745486179799
690,10.888227972931393,70.0,30.0,0.01710161278194497
691,10.889130586880633,71.0,29.0,0.0009026139492398497
692,10.899593490288664,70.0,30.0,0.01046290340803109
693,10.906921579388287,69.0,31.0,0.007328089099622907
694,10.935792235676372,70.0,30.0,0.028870656288085148
695,10.942137005081156,71.0,29.0,0.006344769404783932
696,10.973711599234194,72.0,28.0,0.03157459415303924
697,10.991202265559442,71.0,29.0,0.017490666325247428
698,10.99358155897061,72.0,28.0,0.0023792934111674883
699,11.012769822269039,71.0,29.0,0.019188263298429573
700,11.03746015877176,70.0,30.0,0.024690336502720938
701,11.048154273440131,69.0,31.0,0.010694114668371295
702,11.064197362014571,68.0,32.0,0.01604308857444009
703,11.179232976487723,69.0,31.0,0.1150356144731522
704,11.184219756905879,68.0,32.0,0.004986780418155281
705,11.193435802704037,67.0,33.0,0.009216045798157733
706,11.212713199403513,66.0,34.0,0.019277396699474928
707,11.219029631581153,67.0,33.0,0.006316432177639091
708,11.289765488226013,68.0,32.0,0.07073585664485997
709,11.309275703946527,69.0,31.0,0.019510215720513
710,11.334257581174231,68.0,32.0,0.024981877227704077
711,11.3463844717826,69.0,31.0,0.01212689060836817
712,11.3732308605401,68.0,32.0,0.026846388757499406
713,11.37869661131105,67.0,33.0,0.005465750770950402
714,11.478502153964818,68.0,32.0,0.09980554265376838
715,11.494757730153568,67.0,33.0,0.016255576188748913
716,11.50728534111515,68.0,32.0,0.012527610961581432
717,11.528057161930185,69.0,31.0,0.0207718208150358
718,11.528903164461346,70.0,30.0,0.0008460025311605591
719,11.537658498706298,69.0,31.0,0.008755334244953065
720,11.581864902546446,68.0,32.0,0.04420640384014754
721,11.59121021648372,67.0,33.0,0.009345313937274755
722,11.609538359485873,68.0,32.0,0.018328143002152124
723,11.6144872489274,69.0,31.0,0.004948889441527462
724,11.647552442621942,68.0,32.0,0.033065193694541625
725,11.659735963990324,69.0,31.0,0.012183521368380803
726,11.697991189706723,70.0,30.0,0.038255225716399374
727,11.701030144149481,71.0,29.0,0.0030389544427585472
728,11.709966101931943,70.0,30.0,0.008935957782462298
729,11.754830420829148,69.0,31.0,0.04486431889720477
730,11.777287077285061,70.0,30.0,0.02245665645591425
731,11.784857050852601,69.0,31.0,0.007569973567538802
732,11.786112227892525,68.0,32.0,0.0012551770399244113
733,11.794535879109523,67.0,33.0,0.008423651216996815
734,11.801181446342156,68.0,32.0,0.006645567232632764
735,11.81759839396345,67.0,33.0,0.016416947621295367
736,11.838279028138578,68.0,32.0,0.020680634175126715
737,11.86539592292614,67.0,33.0,0.02711689478756178
738,11.865596898008341,68.0,32.0,0.0002009750822011663
739,11.887526893864552,69.0,31.0,0.02192999585621089
740,11.893309031560566,68.0,32.0,0.005782137696014079
741,11.934083034759762,69.0,31.0,0.04077400319919645
742,11.96947666778028,68.0,32.0,0.035393633020516756
743,11.970986313221806,69.0,31.0,0.0015096454415265562
744,12.008795903770066,68.0,32.0,0.037809590548259775
745,12.008999096732731,67.0,33.0,0.0002031929626659303
746,12.027352626277915,66.0,34.0,0.018353529545183767
747,12.038009585104962,65.0,35.0,0.010656958827046302
748,12.049761397720347,64.0,36.0,0.011751812615384773
749,12.06712544518495,63.0,37.0,0.01736404746460241
750,12.079868799441675,64.0,36.0,0.012743354256726321
751,12.117024236268115,65.0,35.0,0.03715543682644022
752,12.127170485985452,66.0,34.0,0.010146249717336358
753,12.140788188321805,65.0,35.0,0.013617702336351805
