,0,1,2,3
0,0.0,10.0,90.0,0.0
1,0.000702894609015823,9.0,91.0,0.000702894609015823
2,0.0030643176627483423,10.0,90.0,0.0023614230537325194
3,0.00358922916457335,11.0,89.0,0.0005249115018250075
4,0.005082812521821785,10.0,90.0,0.0014935833572484354
5,0.005143467925261646,11.0,89.0,6.065540343986065e-05
6,0.01268103134241897,12.0,88.0,0.007537563417157325
7,0.02359744782127387,13.0,87.0,0.010916416478854897
8,0.026658107915017215,14.0,86.0,0.003060660093743346
9,0.04191703441890962,15.0,85.0,0.01525892650389241
10,0.044502343838083436,16.0,84.0,0.002585309419173818
11,0.07174349350609896,17.0,83.0,0.02724114966801553
12,0.08982381878712636,18.0,82.0,0.018080325281027397
13,0.09258085005014785,19.0,81.0,0.0027570312630214805
14,0.12035931203991164,20.0,80.0,0.02777846198976379
15,0.12567344123821952,21.0,79.0,0.005314129198307894
16,0.14563808887741253,22.0,78.0,0.019964647639192996
17,0.14859986264138983,21.0,79.0,0.002961773763977289
18,0.1578082172834684,22.0,78.0,0.009208354642078559
19,0.1597120846807215,21.0,79.0,0.0019038673972531163
20,0.16016950337581784,22.0,78.0,0.0004574186950963249
21,0.1630805454356103,23.0,77.0,0.002911042059792463
22,0.1666064508673767,24.0,76.0,0.003525905431766383
23,0.1696615306879141,25.0,75.0,0.003055079820537404
24,0.17537422882951556,26.0,74.0,0.0057126981416014775
25,0.18492816382601482,27.0,73.0,0.00955393499649927
26,0.18516246702072403,28.0,72.0,0.00023430319470921126
27,0.18526153703762116,29.0,71.0,9.907001689713984e-05
28,0.19872465100143263,30.0,70.0,0.013463113963811474
29,0.2081558284206476,31.0,69.0,0.009431177419214941
30,0.21125221370916997,30.0,70.0,0.003096385288522372
31,0.21720264644994572,29.0,71.0,0.005950432740775754
32,0.23396277523793746,28.0,72.0,0.01676012878799173
33,0.2409745078821543,29.0,71.0,0.007011732644216835
34,0.24964439429693244,28.0,72.0,0.008669886414778156
35,0.2528252144511022,27.0,73.0,0.0031808201541697156
36,0.2772094632638802,28.0,72.0,0.024384248812777995
37,0.29891398508842015,29.0,71.0,0.021704521824539975
38,0.31346499573234987,30.0,70.0,0.014551010643929696
39,0.33468051487423284,31.0,69.0,0.021215519141882966
40,0.37710829253724865,30.0,70.0,0.042427777663015837
41,0.380895004038788,31.0,69.0,0.0037867115015393616
42,0.38705576655302476,30.0,70.0,0.006160762514236768
43,0.39100093162282146,31.0,69.0,0.0039451650697967236
44,0.39766023418369245,32.0,68.0,0.0066593025608710004
45,0.39829559712789353,33.0,67.0,0.0006353629442010938
46,0.3995575677839901,32.0,68.0,0.0012619706560965428
47,0.41859191512363164,33.0,67.0,0.019034347339641558
48,0.43665609842622805,32.0,68.0,0.018064183302596386
49,0.4370728599381132,31.0,69.0,0.00041676151188514444
50,0.4505161365335475,32.0,68.0,0.013443276595434327
51,0.4635293577838529,31.0,69.0,0.013013221250305415
52,0.47312364134222545,32.0,68.0,0.009594283558372572
53,0.47519676120964865,33.0,67.0,0.0020731198674231767
54,0.48811882856933847,34.0,66.0,0.012922067359689815
55,0.4900581458389204,35.0,65.0,0.0019393172695819213
56,0.5011377852580076,36.0,64.0,0.0110796394190872
57,0.5181363358928224,37.0,63.0,0.016998550634814858
58,0.5238223262305306,38.0,62.0,0.005685990337708273
59,0.5370985021976145,39.0,61.0,0.013276175967083883
60,0.5470142852740661,38.0,62.0,0.009915783076451667
61,0.5481159924406642,37.0,63.0,0.0011017071665980998
62,0.5582017002409642,38.0,62.0,0.01008570780029997
63,0.5644888974914776,39.0,61.0,0.006287197250513371
64,0.5674819888660739,38.0,62.0,0.0029930913745963915
65,0.5711459219308588,37.0,63.0,0.0036639330647848774
66,0.5725287229530789,38.0,62.0,0.0013828010222200861
67,0.598653569181585,39.0,61.0,0.026124846228506075
68,0.6196968026015591,38.0,62.0,0.021043233419974206
69,0.6236966591458412,39.0,61.0,0.0039998565442820105
70,0.6320179671428584,40.0,60.0,0.008321307997017274
71,0.6601956573406421,39.0,61.0,0.028177690197783704
72,0.6691100626369058,38.0,62.0,0.008914405296263604
73,0.6760744295316932,37.0,63.0,0.006964366894787409
74,0.6778954327824791,36.0,64.0,0.0018210032507859633
75,0.7254121817543644,37.0,63.0,0.04751674897188529
76,0.7392788822531177,38.0,62.0,0.013866700498753316
77,0.7428760569610215,37.0,63.0,0.0035971747079038986
78,0.7590491260749048,38.0,62.0,0.01617306911388326
79,0.7721207112196335,37.0,63.0,0.013071585144728774
80,0.7921502798574475,36.0,64.0,0.02002956863781391
81,0.8218012070989255,35.0,65.0,0.029650927241477953
82,0.828851725920074,34.0,66.0,0.0070505188211485185
83,0.8322860453327763,33.0,67.0,0.003434319412702326
84,0.8418511839243442,32.0,68.0,0.009565138591567884
85,0.843314911945045,33.0,67.0,0.0014637280207008617
86,0.8460877402533951,34.0,66.0,0.0027728283083500137
87,0.8715103834458507,35.0,65.0,0.025422643192455727
88,0.8782792562317238,34.0,66.0,0.006768872785873048
89,0.8816776088660253,33.0,67.0,0.0033983526343015005
90,0.8851151089099359,34.0,66.0,0.003437500043910676
91,0.8969130518045079,35.0,65.0,0.011797942894571953
92,0.9120019611553125,36.0,64.0,0.015088909350804687
93,0.9128083719313821,37.0,63.0,0.0008064107760695509
94,0.9147849287345755,38.0,62.0,0.001976556803193446
95,0.9246727497469116,39.0,61.0,0.0098878210123361
96,0.9384819121294438,38.0,62.0,0.01380916238253219
97,0.943054131594479,37.0,63.0,0.004572219465035233
98,0.9544186170965099,38.0,62.0,0.01136448550203079
99,0.971079384712545,39.0,61.0,0.01666076761603504
100,0.9734543128664309,38.0,62.0,0.002374928153885991
101,0.977299614053224,39.0,61.0,0.0038453011867930487
102,0.9776305128004004,40.0,60.0,0.0003308987471764237
103,0.9847028280510741,39.0,61.0,0.007072315250673718
104,0.9914002571865125,40.0,60.0,0.00669742913543833
105,0.9940107921459993,41.0,59.0,0.002610534959486868
106,1.0010258835733254,42.0,58.0,0.007015091427326221
107,1.0282259073803748,41.0,59.0,0.027200023807049327
108,1.0354966754137416,40.0,60.0,0.007270768033366788
109,1.036619913566549,41.0,59.0,0.001123238152807549
110,1.0393843057749192,40.0,60.0,0.002764392208370186
111,1.062642594062612,41.0,59.0,0.023258288287692858
112,1.077740401825762,40.0,60.0,0.01509780776314985
113,1.0831824552718503,41.0,59.0,0.005442053446088294
114,1.0960511796256962,42.0,58.0,0.012868724353845909
115,1.1054751673208174,41.0,59.0,0.009423987695121103
116,1.1492473397390677,40.0,60.0,0.04377217241825023
117,1.150734379868083,41.0,59.0,0.0014870401290153188
118,1.152229184580179,40.0,60.0,0.0014948047120962352
119,1.1527938970292364,41.0,59.0,0.0005647124490572625
120,1.1698993346848294,40.0,60.0,0.01710543765559295
121,1.1790450137748458,41.0,59.0,0.009145679090016297
122,1.1802099505601116,40.0,60.0,0.001164936785265849
123,1.1888049028661738,41.0,59.0,0.00859495230606226
124,1.1927222445515093,42.0,58.0,0.003917341685335606
125,1.2058266275599112,41.0,59.0,0.013104383008401969
126,1.219099988150387,42.0,58.0,0.013273360590475777
127,1.2251144852511402,41.0,59.0,0.006014497100753271
128,1.2430755234268542,42.0,58.0,0.01796103817571397
129,1.2445819525083934,41.0,59.0,0.001506429081539246
130,1.2448200966786551,42.0,58.0,0.0002381441702616771
131,1.2525460488108902,41.0,59.0,0.0077259521322349785
132,1.2531100289567862,40.0,60.0,0.0005639801458959902
133,1.2674792984012955,39.0,61.0,0.01436926944450926
134,1.2742351631447737,38.0,62.0,0.0067558647434782645
135,1.274701739507185,39.0,61.0,0.0004665763624111004
136,1.2824351637280744,40.0,60.0,0.007733424220889616
137,1.2901511700198633,39.0,61.0,0.007716006291788883
138,1.2961474076796873,38.0,62.0,0.00599623765982403
139,1.296789807967661,37.0,63.0,0.0006424002879736265
140,1.303207598613128,36.0,64.0,0.006417790645466953
141,1.303657235665897,37.0,63.0,0.0004496370527691794
142,1.309371522970297,38.0,62.0,0.005714287304399861
143,1.3162521316723665,37.0,63.0,0.0068806087020695855
144,1.345795097345104,38.0,62.0,0.029542965672737433
145,1.3474370213101632,39.0,61.0,0.0016419239650590594
146,1.3691822376343032,40.0,60.0,0.021745216324139997
147,1.374313370607501,41.0,59.0,0.005131132973197777
148,1.3828837890476096,42.0,58.0,0.008570418440108616
149,1.4039831693221754,41.0,59.0,0.021099380274565916
150,1.4081694921455248,40.0,60.0,0.004186322823349346
151,1.4203942439963628,41.0,59.0,0.012224751850837998
152,1.4270638142846446,42.0,58.0,0.006669570288281845
153,1.4273266230070758,43.0,57.0,0.0002628087224312429
154,1.4330396312043407,44.0,56.0,0.0057130081972648905
155,1.4516922360592248,43.0,57.0,0.018652604854884052
156,1.453380518759031,44.0,56.0,0.0016882826998061095
157,1.4807605665272288,45.0,55.0,0.02738004776819773
158,1.487445859615002,44.0,56.0,0.006685293087773298
159,1.4885137724578157,45.0,55.0,0.0010679128428136566
160,1.4922908063980316,46.0,54.0,0.0037770339402158717
161,1.4953839391629462,45.0,55.0,0.0030931327649145264
162,1.5007332443840604,44.0,56.0,0.005349305221114151
163,1.5191899316254722,43.0,57.0,0.018456687241411918
164,1.5237782670265894,42.0,58.0,0.004588335401117124
165,1.5265223587014403,43.0,57.0,0.002744091674850839
166,1.5307644399480886,42.0,58.0,0.004242081246648344
167,1.5444685017492752,43.0,57.0,0.013704061801186612
168,1.5452169556975608,42.0,58.0,0.0007484539482855985
169,1.5495016631159944,43.0,57.0,0.004284707418433469
170,1.551234208557673,42.0,58.0,0.0017325454416786494
171,1.5591647706758047,43.0,57.0,0.007930562118131847
172,1.5617681346588488,44.0,56.0,0.002603363983044079
173,1.577604783186321,45.0,55.0,0.015836648527472148
174,1.5782341357428828,46.0,54.0,0.0006293525565618651
175,1.5802349840292915,47.0,53.0,0.0020008482864086754
176,1.5992160577178833,46.0,54.0,0.018981073688591726
177,1.606413121320005,47.0,53.0,0.007197063602121685
178,1.6229771038163765,46.0,54.0,0.01656398249637137
179,1.6381246298440093,47.0,53.0,0.015147526027632847
180,1.6427861225476224,46.0,54.0,0.0046614927036130035
181,1.6560111128827613,45.0,55.0,0.01322499033513893
182,1.6611350271224727,46.0,54.0,0.005123914239711408
183,1.6725596007308636,47.0,53.0,0.011424573608390847
184,1.6732968225048772,48.0,52.0,0.0007372217740135932
185,1.6754275859939793,47.0,53.0,0.0021307634891020374
186,1.6808666850626761,48.0,52.0,0.005439099068696791
187,1.6880098688975635,49.0,51.0,0.007143183834887491
188,1.6995104175016047,50.0,50.0,0.011500548604041141
189,1.7054620893677643,51.0,49.0,0.005951671866159638
190,1.708477840111078,52.0,48.0,0.003015750743313791
191,1.7248240902667733,51.0,49.0,0.016346250155695196
192,1.7469573589064633,52.0,48.0,0.022133268639689896
193,1.7511941882642934,51.0,49.0,0.004236829357830187
194,1.7868341853633407,52.0,48.0,0.035639997099047374
195,1.8059930736876282,53.0,47.0,0.019158888324287516
196,1.814725843497073,52.0,48.0,0.008732769809444738
197,1.8200954263384064,53.0,47.0,0.00536958284133347
198,1.8275545808592253,52.0,48.0,0.007459154520818967
199,1.8622310203779775,53.0,47.0,0.034676439518752246
200,1.8960074834058032,52.0,48.0,0.033776463027825596
201,1.9013267886164846,51.0,49.0,0.005319305210681476
202,1.9045148457171193,52.0,48.0,0.0031880571006346397
203,1.9345261561886937,53.0,47.0,0.030011310471574355
204,1.9474142986207506,52.0,48.0,0.01288814243205687
205,1.9500893410951314,53.0,47.0,0.0026750424743808903
206,1.9546300338675997,52.0,48.0,0.004540692772468248
207,1.9728072736307884,53.0,47.0,0.01817723976318868
208,1.9844690339606792,52.0,48.0,0.011661760329890799
209,1.991831160072988,51.0,49.0,0.007362126112309013
210,2.011058087274497,52.0,48.0,0.019226927201508884
211,2.018494502409683,53.0,47.0,0.007436415135186088
212,2.0219444903305095,54.0,46.0,0.0034499879208261296
213,2.029879801531013,53.0,47.0,0.007935311200503569
214,2.0462952067585385,54.0,46.0,0.016415405227525503
215,2.052490320931795,53.0,47.0,0.0061951141732566745
216,2.0613915072985667,52.0,48.0,0.008901186366771535
217,2.0728907666868195,51.0,49.0,0.01149925938825262
218,2.100150847910843,50.0,50.0,0.027260081224023562
219,2.109302936825664,51.0,49.0,0.009152088914821199
220,2.139504213470881,52.0,48.0,0.030201276645217056
221,2.1548537604935007,53.0,47.0,0.015349547022619835
222,2.16881673933609,54.0,46.0,0.013962978842589572
223,2.176068462195243,53.0,47.0,0.007251722859152832
224,2.185571426085144,54.0,46.0,0.009502963889901028
225,2.207601437140669,53.0,47.0,0.022030011055524747
226,2.2080703279432665,52.0,48.0,0.00046889080259741465
227,2.218137015717208,51.0,49.0,0.010066687773941691
228,2.223531624926726,52.0,48.0,0.005394609209517679
229,2.241332554102998,51.0,49.0,0.0178009291762723
230,2.2478296064656695,52.0,48.0,0.0064970523626716225
231,2.2844079232343972,53.0,47.0,0.036578316768727664
232,2.289725104751198,54.0,46.0,0.005317181516800814
233,2.311924949334184,55.0,45.0,0.022199844582985975
234,2.3125999073514936,56.0,44.0,0.0006749580173095251
235,2.316371676498091,55.0,45.0,0.003771769146597693
236,2.336914782943123,54.0,46.0,0.020543106445032017
237,2.3448180246165475,55.0,45.0,0.007903241673424552
238,2.346392279918904,56.0,44.0,0.0015742553023561966
239,2.3705330089718495,55.0,45.0,0.0241407290529458
240,2.3907879751534913,54.0,46.0,0.02025496618164195
241,2.408744502149469,55.0,45.0,0.017956526995977825
242,2.411198893472003,56.0,44.0,0.0024543913225336072
243,2.433227100912962,57.0,43.0,0.02202820744095943
244,2.4346817055802235,58.0,42.0,0.00145460466726126
245,2.4347676975304284,57.0,43.0,8.599195020488039e-05
246,2.451481514499395,56.0,44.0,0.016713816968966327
247,2.47261899616698,55.0,45.0,0.021137481667585372
248,2.4771430366437506,56.0,44.0,0.004524040476770132
249,2.4887702881943716,55.0,45.0,0.011627251550620839
250,2.5020982631575452,56.0,44.0,0.013327974963173615
251,2.5037767377856985,55.0,45.0,0.00167847462815325
252,2.5096284953340535,54.0,46.0,0.005851757548354993
253,2.5126570596410893,53.0,47.0,0.003028564307035649
254,2.5271377421770986,52.0,48.0,0.014480682536009218
255,2.53509981819598,51.0,49.0,0.007962076018881317
256,2.541485690744982,50.0,50.0,0.006385872549001756
257,2.5514088403975346,49.0,51.0,0.009923149652552745
258,2.5518958360739767,50.0,50.0,0.00048699567644230435
259,2.598701795612274,51.0,49.0,0.04680595953829718
260,2.6058784845301024,50.0,50.0,0.007176688917828231
261,2.6062798666667133,49.0,51.0,0.0004013821366109239
262,2.6195028974644314,48.0,52.0,0.013223030797718124
263,2.6278983074932407,47.0,53.0,0.008395410028809173
264,2.6573031275075496,46.0,54.0,0.02940482001430867
265,2.6632262947787013,45.0,55.0,0.005923167271151771
266,2.6652507698909433,44.0,56.0,0.0020244751122420446
267,2.6654879399265736,43.0,57.0,0.0002371700356304853
268,2.6924928508090447,42.0,58.0,0.027004910882470933
269,2.6941518143135013,43.0,57.0,0.0016589635044566954
270,2.6965160990874275,44.0,56.0,0.002364284773926167
271,2.706110733763098,43.0,57.0,0.009594634675670746
272,2.71274783560395,44.0,56.0,0.006637101840851951
273,2.727586968332576,45.0,55.0,0.01483913272862603
274,2.7326746481514887,46.0,54.0,0.005087679818912784
275,2.73540005198927,45.0,55.0,0.002725403837781289
276,2.7398347123276294,44.0,56.0,0.0044346603383593215
277,2.7968579784078376,43.0,57.0,0.057023266080208156
278,2.804062449316954,42.0,58.0,0.007204470909116367
279,2.806645687238856,43.0,57.0,0.0025832379219019735
280,2.8098070864537084,44.0,56.0,0.0031613992148521643
281,2.8237313111447806,43.0,57.0,0.0139242246910722
282,2.8449194647011424,44.0,56.0,0.02118815355636176
283,2.876769523274827,43.0,57.0,0.031850058573684614
284,2.8809653360445173,44.0,56.0,0.0041958127696903845
285,2.903377639341734,45.0,55.0,0.02241230329721684
286,2.9081581471180105,46.0,54.0,0.004780507776276322
287,2.930812160876708,47.0,53.0,0.022654013758697286
288,2.9335445152765653,46.0,54.0,0.002732354399857594
289,2.9509358112435424,45.0,55.0,0.017391295966977187
290,2.9535309942705212,46.0,54.0,0.0025951830269788896
291,2.9655649882361854,47.0,53.0,0.012033993965664356
292,2.9766025016043707,46.0,54.0,0.011037513368185469
293,2.981114789107326,47.0,53.0,0.004512287502955276
294,3.002588759147788,48.0,52.0,0.02147397004046201
295,3.0061698428082915,49.0,51.0,0.0035810836605036918
296,3.0106290882827063,50.0,50.0,0.0044592454744148404
297,3.019153830876738,51.0,49.0,0.008524742594031546
298,3.0407446116223142,50.0,50.0,0.02159078074557648
299,3.0525501252641987,49.0,51.0,0.011805513641884422
300,3.0671972464795343,50.0,50.0,0.01464712121533549
301,3.0697768446272646,51.0,49.0,0.002579598147730502
302,3.086407430952156,52.0,48.0,0.016630586324891544
303,3.086424068506756,53.0,47.0,1.6637554599629825e-05
304,3.0911721989802707,54.0,46.0,0.004748130473514837
305,3.0950913776968814,53.0,47.0,0.003919178716610837
306,3.096502525083082,52.0,48.0,0.0014111473862005316
307,3.097065641056657,51.0,49.0,0.0005631159735746867
308,3.1048100488863355,50.0,50.0,0.007744407829678548
309,3.113830719930393,49.0,51.0,0.009020671044057627
310,3.1138983097509687,50.0,50.0,6.758982057565204e-05
311,3.1183932296599197,49.0,51.0,0.0044949199089511895
312,3.120930420908739,50.0,50.0,0.002537191248819068
313,3.1250881807136808,49.0,51.0,0.004157759804941601
314,3.1467004294067316,50.0,50.0,0.02161224869305083
315,3.1511943139589538,49.0,51.0,0.004493884552222342
316,3.1526579463309066,48.0,52.0,0.0014636323719528623
317,3.1725794830231577,47.0,53.0,0.019921536692251128
318,3.174832546990128,46.0,54.0,0.0022530639669705267
319,3.1805980254422677,45.0,55.0,0.005765478452139446
320,3.186605116126781,44.0,56.0,0.006007090684513644
321,3.2231013526291608,43.0,57.0,0.036496236502379494
322,3.225380489976831,42.0,58.0,0.002279137347670311
323,3.2256477585314545,43.0,57.0,0.000267268554623565
324,3.2380148584330035,44.0,56.0,0.012367099901549073
325,3.238758351953126,43.0,57.0,0.0007434935201224918
326,3.246357426222865,44.0,56.0,0.007599074269739013
327,3.2476555554073703,43.0,57.0,0.0012981291845051445
328,3.256285449604632,42.0,58.0,0.0086298941972617
329,3.26656038570443,41.0,59.0,0.010274936099798158
330,3.268336351221201,42.0,58.0,0.0017759655167714468
331,3.2957198333080484,41.0,59.0,0.027383482086847318
332,3.312779935419344,40.0,60.0,0.017060102111295796
333,3.3169553679053494,39.0,61.0,0.004175432486005421
334,3.3201142142332194,40.0,60.0,0.003158846327869923
335,3.3237136077436777,39.0,61.0,0.0035993935104581803
336,3.3249794084368425,40.0,60.0,0.001265800693164847
337,3.3287008936765545,41.0,59.0,0.0037214852397118867
338,3.341953196601155,40.0,60.0,0.01325230292460048
339,3.3474918232692707,41.0,59.0,0.005538626668115647
340,3.355413864766487,40.0,60.0,0.00792204149721625
341,3.3572930300777637,41.0,59.0,0.0018791653112767135
342,3.366044942654623,40.0,60.0,0.008751912576859045
343,3.3708400881763003,39.0,61.0,0.004795145521677692
344,3.37867066878904,40.0,60.0,0.007830580612739772
345,3.3827796195814557,39.0,61.0,0.004108950792415403
346,3.3841237692144404,40.0,60.0,0.001344149632984718
347,3.386833955489459,41.0,59.0,0.002710186275018427
348,3.3990917308171187,42.0,58.0,0.012257775327659703
349,3.4208617357453908,41.0,59.0,0.021770004928272288
350,3.4236886725496376,42.0,58.0,0.0028269368042467945
351,3.4260718255044122,41.0,59.0,0.0023831529547747574
352,3.4406139952470376,42.0,58.0,0.014542169742625339
353,3.4559551773151607,41.0,59.0,0.015341182068122955
354,3.4783077334124184,42.0,58.0,0.022352556097257687
355,3.484766309380424,43.0,57.0,0.006458575968005636
356,3.501890644535493,42.0,58.0,0.01712433515506896
357,3.517348686690995,41.0,59.0,0.01545804215550216
358,3.5287530371027187,42.0,58.0,0.011404350411723753
359,3.539525512091667,43.0,57.0,0.010772474988948516
360,3.554010249228534,42.0,58.0,0.014484737136867142
361,3.5568814559773245,43.0,57.0,0.0028712067487903885
362,3.5692894648579427,44.0,56.0,0.012408008880618035
363,3.584575858451131,43.0,57.0,0.01528639359318848
364,3.5907184487439743,44.0,56.0,0.006142590292842943
365,3.591150731812354,45.0,55.0,0.00043228306837974056
366,3.594603942919683,46.0,54.0,0.0034532111073288267
367,3.596018619081692,47.0,53.0,0.0014146761620092026
368,3.5987350773178073,48.0,52.0,0.0027164582361153306
369,3.61894473213791,47.0,53.0,0.020209654820102573
370,3.6266692698922522,46.0,54.0,0.007724537754342637
371,3.6297069343031887,47.0,53.0,0.0030376644109364396
372,3.651196926275152,48.0,52.0,0.021489991971963027
373,3.6570079412411594,47.0,53.0,0.00581101496600758
374,3.660691236338283,48.0,52.0,0.003683295097123793
375,3.661937829885704,49.0,51.0,0.0012465935474211755
376,3.663612606175588,50.0,50.0,0.001674776289883722
377,3.663967934519983,49.0,51.0,0.00035532834439491083
378,3.6672784824161955,50.0,50.0,0.0033105478962121393
379,3.673075766148748,51.0,49.0,0.005797283732552591
380,3.68855325347025,52.0,48.0,0.015477487321501839
381,3.6896486631265883,51.0,49.0,0.0010954096563385687
382,3.6977266885630975,52.0,48.0,0.008078025436509317
383,3.698826545641018,51.0,49.0,0.0010998570779205692
384,3.706958629136204,52.0,48.0,0.008132083495186196
385,3.707847046371547,53.0,47.0,0.0008884172353429074
386,3.7121349633074643,52.0,48.0,0.00428791693591704
387,3.734961090559541,53.0,47.0,0.022826127252076656
388,3.74385270520113,52.0,48.0,0.008891614641588837
389,3.7511092680422014,53.0,47.0,0.007256562841071511
390,3.7684764451014834,52.0,48.0,0.017367177059282132
391,3.7756472886556645,51.0,49.0,0.007170843554181266
392,3.7838372283541335,50.0,50.0,0.008189939698469246
393,3.7845245127012648,51.0,49.0,0.00068728434713127
394,3.805752609042432,52.0,48.0,0.021228096341167308
395,3.8112666382176053,53.0,47.0,0.005514029175173288
396,3.8223949924940794,54.0,46.0,0.01112835427647419
397,3.8229671070621034,53.0,47.0,0.0005721145680240461
398,3.848383297700792,52.0,48.0,0.02541619063868883
399,3.868688800003452,51.0,49.0,0.020305502302660074
400,3.868983447471363,50.0,50.0,0.00029464746791119627
401,3.880049645183073,49.0,51.0,0.011066197711709585
402,3.8826368600169454,50.0,50.0,0.0025872148338723774
403,3.9395997440695005,51.0,49.0,0.056962884052555035
404,3.966121648358375,50.0,50.0,0.026521904288874677
405,3.9783767929128557,51.0,49.0,0.012255144554480648
406,3.9804558816146103,50.0,50.0,0.002079088701754762
407,3.989987073701111,51.0,49.0,0.00953119208650076
408,3.9957984823109323,50.0,50.0,0.005811408609821095
409,4.000406045608885,49.0,51.0,0.004607563297952056
410,4.016149695153146,48.0,52.0,0.015743649544261704
411,4.018609704774913,49.0,51.0,0.002460009621766279
412,4.0538645523467665,48.0,52.0,0.035254847571853744
413,4.066022699827826,49.0,51.0,0.012158147481059579
414,4.066845269418898,48.0,52.0,0.000822569591071329
415,4.073991584438724,49.0,51.0,0.007146315019826317
416,4.079049540927298,50.0,50.0,0.005057956488574078
417,4.079629404841283,49.0,51.0,0.0005798639139849514
418,4.0819541753346,48.0,52.0,0.0023247704933167584
419,4.086351228849653,47.0,53.0,0.004397053515053031
420,4.094658327509508,48.0,52.0,0.008307098659855851
421,4.099245038614383,49.0,51.0,0.0045867111048740325
422,4.104523960461178,48.0,52.0,0.005278921846794836
423,4.111977074070392,47.0,53.0,0.007453113609214176
424,4.1173801516592405,46.0,54.0,0.005403077588848689
425,4.124530220916013,47.0,53.0,0.007150069256772038
426,4.124988281590517,46.0,54.0,0.0004580606745049902
427,4.137946033404302,47.0,53.0,0.012957751813784781
428,4.145126494798917,46.0,54.0,0.007180461394614511
429,4.153144396444119,47.0,53.0,0.008017901645202117
430,4.1538063736858035,48.0,52.0,0.000661977241684918
431,4.160097476563337,47.0,53.0,0.006291102877532836
432,4.170924217990736,46.0,54.0,0.010826741427399082
433,4.219786340639367,45.0,55.0,0.0488621226486316
434,4.231178865449521,46.0,54.0,0.011392524810153013
435,4.2315882561242075,47.0,53.0,0.00040939067468671663
436,4.234528771115534,48.0,52.0,0.002940514991327008
437,4.244490645352556,49.0,51.0,0.00996187423702175
438,4.251599164545563,48.0,52.0,0.0071085191930067015
439,4.253583996379229,47.0,53.0,0.001984831833666426
440,4.254085024772582,46.0,54.0,0.0005010283933534979
441,4.269614898155807,45.0,55.0,0.015529873383225073
442,4.280247288111787,46.0,54.0,0.010632389955979375
443,4.288361775284789,47.0,53.0,0.008114487173002444
444,4.301130681882262,46.0,54.0,0.012768906597473414
445,4.3038526323484865,47.0,53.0,0.0027219504662242527
446,4.307816410922168,48.0,52.0,0.0039637785736813605
447,4.309646572846211,47.0,53.0,0.0018301619240432261
448,4.325164128810444,48.0,52.0,0.01551755596423268
449,4.350911847142098,47.0,53.0,0.02574771833165327
450,4.357425147744345,46.0,54.0,0.0065133006022467695
451,4.382783811912226,47.0,53.0,0.0253586641678814
452,4.385359340130308,48.0,52.0,0.002575528218082001
453,4.386749615110004,49.0,51.0,0.0013902749796960879
454,4.457034287360444,48.0,52.0,0.07028467225043984
455,4.459726831513125,49.0,51.0,0.002692544152680388
456,4.46550025411292,48.0,52.0,0.005773422599794918
457,4.472976579415055,49.0,51.0,0.007476325302135453
458,4.484621597468829,48.0,52.0,0.011645018053774173
459,4.487447150103643,47.0,53.0,0.002825552634814128
460,4.4889027082219215,48.0,52.0,0.0014555581182786176
461,4.492132104459962,49.0,51.0,0.003229396238040853
462,4.512557074368891,50.0,50.0,0.020424969908928645
463,4.515962535050319,51.0,49.0,0.0034054606814279045
464,4.520615732997027,52.0,48.0,0.004653197946708459
465,4.5315451675440235,51.0,49.0,0.01092943454699673
466,4.5524432069498335,50.0,50.0,0.020898039405810122
467,4.564119962670707,51.0,49.0,0.0116767557208737
468,4.585069791305632,52.0,48.0,0.02094982863492529
469,4.603061684053168,53.0,47.0,0.017991892747536195
470,4.635355069392049,54.0,46.0,0.03229338533888087
471,4.664558646822437,53.0,47.0,0.029203577430387588
472,4.684629771020347,54.0,46.0,0.020071124197909976
473,4.684991191030431,53.0,47.0,0.0003614200100837836
474,4.690743124764464,52.0,48.0,0.005751933734033276
475,4.6921755866776325,53.0,47.0,0.0014324619131686053
476,4.7018876900446,54.0,46.0,0.009712103366967461
477,4.71971598185601,55.0,45.0,0.017828291811409484
478,4.724678552892457,56.0,44.0,0.004962571036447282
479,4.749700259994589,55.0,45.0,0.02502170710213227
480,4.752533892014716,54.0,46.0,0.002833632020126953
481,4.756953485058482,55.0,45.0,0.004419593043765548
482,4.779870499722574,56.0,44.0,0.022917014664092846
483,4.800981396615727,57.0,43.0,0.021110896893152955
484,4.822599370583249,56.0,44.0,0.021617973967521575
485,4.8385878230334995,55.0,45.0,0.01598845245025034
486,4.85181917808091,54.0,46.0,0.013231355047409996
487,4.856917352739825,55.0,45.0,0.005098174658914829
488,4.875098452513591,54.0,46.0,0.01818109977376616
489,4.875345829440572,53.0,47.0,0.0002473769269805376
490,4.892264156253447,54.0,46.0,0.01691832681287464
491,4.893294419904505,55.0,45.0,0.00103026365105872
492,4.89374773651623,56.0,44.0,0.0004533166117245483
493,4.92102516891777,55.0,45.0,0.02727743240154034
494,4.922162704742783,54.0,46.0,0.0011375358250137867
495,4.941315439308468,55.0,45.0,0.019152734565684608
496,4.956968838222669,54.0,46.0,0.015653398914200457
497,4.965481809561287,55.0,45.0,0.008512971338618364
498,4.985806956390779,54.0,46.0,0.020325146829492307
499,4.9999837741154405,53.0,47.0,0.014176817724661622
500,5.007815100127381,52.0,48.0,0.007831326011940863
501,5.0484120681294975,51.0,49.0,0.040596968002116936
502,5.066377064508351,52.0,48.0,0.01796499637885341
503,5.069257015613881,51.0,49.0,0.0028799511055300157
504,5.070951107833704,52.0,48.0,0.0016940922198227129
505,5.071507088022243,51.0,49.0,0.000555980188539929
506,5.07354915604716,50.0,50.0,0.002042068024916348
507,5.076888371226715,49.0,51.0,0.0033392151795554165
508,5.088037675078678,50.0,50.0,0.01114930385196317
509,5.103897382193986,49.0,51.0,0.015859707115307677
510,5.110969886897946,50.0,50.0,0.007072504703960518
511,5.1202683306273435,49.0,51.0,0.009298443729397489
512,5.12503126333771,48.0,52.0,0.004762932710366584
513,5.131867014892272,47.0,53.0,0.006835751554562015
514,5.145382897359828,46.0,54.0,0.013515882467555713
515,5.149817889152339,45.0,55.0,0.004434991792511058
516,5.15532575290957,46.0,54.0,0.005507863757230886
517,5.172021868426684,47.0,53.0,0.016696115517114286
518,5.172708438083233,48.0,52.0,0.0006865696565485317
519,5.18313126613693,49.0,51.0,0.01042282805369646
520,5.1870935298185366,48.0,52.0,0.003962263681606699
521,5.188949451177546,47.0,53.0,0.0018559213590095683
522,5.201002623141424,48.0,52.0,0.012053171963878008
523,5.201596765217681,47.0,53.0,0.0005941420762572192
524,5.217601475631773,46.0,54.0,0.016004710414092613
525,5.222978303280604,47.0,53.0,0.005376827648830285
526,5.22755405566559,46.0,54.0,0.00457575238498655
527,5.22878735455542,45.0,55.0,0.0012332988898302165
528,5.247260053172982,44.0,56.0,0.0184726986175623
529,5.255790633648263,45.0,55.0,0.008530580475280315
530,5.266055747541442,44.0,56.0,0.010265113893178891
531,5.27370643774196,43.0,57.0,0.007650690200518389
532,5.279829119304617,44.0,56.0,0.006122681562657541
533,5.280535279040802,43.0,57.0,0.0007061597361849342
534,5.289879780755206,44.0,56.0,0.009344501714403618
535,5.311237627009405,45.0,55.0,0.021357846254198214
536,5.325175185717256,44.0,56.0,0.013937558707850557
537,5.330985919354417,43.0,57.0,0.005810733637161183
538,5.3386603354401165,42.0,58.0,0.007674416085699677
539,5.3428467974698854,41.0,59.0,0.004186462029769319
540,5.343420823734265,40.0,60.0,0.0005740262643795154
541,5.34560137957378,41.0,59.0,0.0021805558395150727
542,5.354728394399834,40.0,60.0,0.00912701482605438
543,5.3663776639557,41.0,59.0,0.011649269555865607
544,5.373678070553845,42.0,58.0,0.007300406598145474
545,5.397212977474974,41.0,59.0,0.023534906921129226
546,5.405659504927027,42.0,58.0,0.00844652745205292
547,5.420450934616046,43.0,57.0,0.014791429689018611
548,5.435248180059904,44.0,56.0,0.014797245443858884
549,5.4385537585585135,43.0,57.0,0.0033055784986091214
550,5.448226141783675,42.0,58.0,0.009672383225160994
551,5.475433247254324,43.0,57.0,0.027207105470649466
552,5.481531983560936,44.0,56.0,0.006098736306611847
553,5.489853611127595,45.0,55.0,0.008321627566659044
554,5.50262181128598,44.0,56.0,0.012768200158385663
555,5.511814495837002,45.0,55.0,0.009192684551022054
556,5.532689367449935,44.0,56.0,0.020874871612932916
557,5.535916647605341,43.0,57.0,0.0032272801554060564
558,5.548466665014374,42.0,58.0,0.012550017409032728
559,5.554473822452639,43.0,57.0,0.006007157438265772
560,5.5716526882654875,42.0,58.0,0.017178865812848016
561,5.5810302976999004,43.0,57.0,0.009377609434413197
562,5.594959667196092,42.0,58.0,0.013929369496191814
563,5.599497185965543,43.0,57.0,0.004537518769450629
564,5.611867589622558,44.0,56.0,0.012370403657015189
565,5.614573964246812,43.0,57.0,0.0027063746242539832
566,5.617096298828693,42.0,58.0,0.0025223345818809286
567,5.617909468673167,43.0,57.0,0.000813169844473204
568,5.619199839528716,44.0,56.0,0.0012903708555489853
569,5.6285259934100615,45.0,55.0,0.009326153881345865
570,5.6385684831210146,46.0,54.0,0.01004248971095298
571,5.640385235973211,47.0,53.0,0.001816752852196534
572,5.641171427120323,46.0,54.0,0.0007861911471121431
573,5.641791125172788,47.0,53.0,0.0006196980524648234
574,5.6561741575099465,46.0,54.0,0.014383032337158456
575,5.680317471868117,45.0,55.0,0.02414331435816985
576,5.693750243684686,46.0,54.0,0.013432771816570042
577,5.707213207890984,45.0,55.0,0.013462964206297823
578,5.74709358339993,46.0,54.0,0.03988037550894626
579,5.756877021272558,45.0,55.0,0.009783437872628907
580,5.759781774569206,44.0,56.0,0.00290475329664808
581,5.764823965591518,45.0,55.0,0.005042191022311567
582,5.783752326088183,46.0,54.0,0.01892836049666558
583,5.795879659939478,47.0,53.0,0.012127333851295424
584,5.820553853886863,48.0,52.0,0.024674193947384498
585,5.83853934052523,49.0,51.0,0.01798548663836742
586,5.8402679502456385,48.0,52.0,0.0017286097204079504
587,5.870487787127456,49.0,51.0,0.03021983688181816
588,5.887566152606535,50.0,50.0,0.017078365479078525
589,5.89284571311648,49.0,51.0,0.0052795605099449526
590,5.899375128512112,50.0,50.0,0.006529415395632341
591,5.922786491725081,49.0,51.0,0.02341136321296934
592,5.930016348402017,48.0,52.0,0.007229856676935745
593,5.95188516319502,47.0,53.0,0.021868814793003507
594,5.963280696325334,48.0,52.0,0.011395533130314179
595,5.9722826200869585,49.0,51.0,0.009001923761624016
596,6.002299119790928,48.0,52.0,0.03001649970396964
597,6.031832001299638,49.0,51.0,0.029532881508709974
598,6.039435251122585,50.0,50.0,0.007603249822946938
599,6.039922861910867,51.0,49.0,0.00048761078828151664
600,6.041828857467673,52.0,48.0,0.0019059955568059659
601,6.045000087211567,53.0,47.0,0.0031712297438945235
602,6.058195015581149,52.0,48.0,0.013194928369582849
603,6.061161052991014,53.0,47.0,0.002966037409864044
604,6.07480462882096,52.0,48.0,0.01364357582994633
605,6.077413862203729,51.0,49.0,0.0026092333827691092
606,6.08571026485306,50.0,50.0,0.008296402649331345
607,6.108702406084649,51.0,49.0,0.022992141231588853
608,6.10994207961243,50.0,50.0,0.0012396735277814775
609,6.11679756287659,49.0,51.0,0.006855483264159651
610,6.131441301296852,50.0,50.0,0.01464373842026257
611,6.135255909825518,49.0,51.0,0.0038146085286658964
612,6.13657135259436,48.0,52.0,0.001315442768841914
613,6.190717358426965,49.0,51.0,0.05414600583260446
614,6.2023337571239345,48.0,52.0,0.011616398696969819
615,6.206071293544138,47.0,53.0,0.0037375364202031
616,6.213096705497749,46.0,54.0,0.007025411953611278
617,6.213745765885176,45.0,55.0,0.0006490603874271232
618,6.217385778795817,44.0,56.0,0.00364001291064154
619,6.2309712232766765,43.0,57.0,0.013585444480859047
620,6.240388208159831,42.0,58.0,0.009416984883154556
621,6.257274523099802,43.0,57.0,0.01688631493997108
622,6.262945996205292,44.0,56.0,0.005671473105489242
623,6.2924225103749665,43.0,57.0,0.02947651416967466
624,6.2980505659592705,44.0,56.0,0.005628055584303702
625,6.311265568379833,45.0,55.0,0.01321500242056243
626,6.317161706154277,44.0,56.0,0.005896137774444455
627,6.322351962408001,43.0,57.0,0.0051902562537241535
628,6.340186659344745,44.0,56.0,0.017834696936744204
629,6.355511054146184,43.0,57.0,0.015324394801438863
630,6.35648703712731,42.0,58.0,0.0009759829811250764
631,6.374319270876601,41.0,59.0,0.01783223374929139
632,6.431312104939092,42.0,58.0,0.056992834062491254
633,6.44576571876708,41.0,59.0,0.014453613827987745
634,6.450803128622815,42.0,58.0,0.00503740985573507
635,6.454739880441593,41.0,59.0,0.003936751818778353
636,6.487855305065711,42.0,58.0,0.03311542462411748
637,6.488057983921077,43.0,57.0,0.00020267885536553236
638,6.523525817631744,44.0,56.0,0.0354678337106674
639,6.526199249312188,43.0,57.0,0.0026734316804437664
640,6.532553282983149,44.0,56.0,0.006354033670960705
641,6.5347788554529185,45.0,55.0,0.0022255724697695834
642,6.540060671046291,46.0,54.0,0.005281815593372301
643,6.543117204139632,47.0,53.0,0.0030565330933407207
644,6.555570175211294,48.0,52.0,0.012452971071661822
645,6.586498998903333,47.0,53.0,0.030928823692039274
646,6.596204108377472,48.0,52.0,0.009705109474138692
647,6.599683439139089,47.0,53.0,0.0034793307616176002
648,6.6145443329016,46.0,54.0,0.014860893762510952
649,6.614806613714054,47.0,53.0,0.0002622808124546569
650,6.654319210248846,46.0,54.0,0.03951259653479155
651,6.677898505608335,47.0,53.0,0.023579295359488328
652,6.6796102946606215,48.0,52.0,0.0017117890522870111
653,6.680283018239795,47.0,53.0,0.0006727235791735311
654,6.680950349480426,48.0,52.0,0.0006673312406313315
655,6.682542841567086,49.0,51.0,0.001592492086659782
656,6.688714592261382,48.0,52.0,0.0061717506942960965
657,6.70807116756842,47.0,53.0,0.019356575307037684
658,6.73700902204178,46.0,54.0,0.02893785447336035
659,6.741189620111993,45.0,55.0,0.00418059807021276
660,6.7450720712190035,46.0,54.0,0.003882451107010533
661,6.74639837774619,45.0,55.0,0.0013263065271861378
662,6.750000400605583,44.0,56.0,0.0036020228593938073
663,6.752236595935396,45.0,55.0,0.0022361953298127854
664,6.757367517593482,46.0,54.0,0.005130921658085885
665,6.766237255589809,45.0,55.0,0.008869737996327176
666,6.770214287055228,46.0,54.0,0.003977031465419016
667,6.780152243328094,45.0,55.0,0.009937956272866205
668,6.787653278283873,46.0,54.0,0.007501034955779484
669,6.7899462501110195,45.0,55.0,0.002292971827146274
670,6.794080126620833,44.0,56.0,0.00413387650981358
671,6.795378942830947,43.0,57.0,0.001298816210114126
672,6.796369416055262,42.0,58.0,0.000990473224314262
673,6.804083533216687,43.0,57.0,0.0077141171614252884
674,6.810753310462224,44.0,56.0,0.006669777245536527
675,6.83085532352994,45.0,55.0,0.020102013067716525
676,6.832457544768268,44.0,56.0,0.0016022212383276192
677,6.8443612133662475,43.0,57.0,0.0119036685979799
678,6.853870019080296,44.0,56.0,0.009508805714048765
679,6.866034063264167,43.0,57.0,0.012164044183871356
680,6.870527626659973,44.0,56.0,0.004493563395806005
681,6.9004640105693715,43.0,57.0,0.029936383909398612
682,6.912071369841465,44.0,56.0,0.011607359272093337
683,6.9160200362208455,45.0,55.0,0.003948666379380457
684,6.917384649704924,44.0,56.0,0.0013646134840781846
685,6.918860571376583,45.0,55.0,0.001475921671658673
686,6.918984711917987,46.0,54.0,0.00012414054140382635
687,6.926484003846469,47.0,53.0,0.007499291928482465
688,6.9397363788202355,46.0,54.0,0.013252374973766197
689,6.973876106970781,47.0,53.0,0.03413972815054582
690,6.9741067157920735,48.0,52.0,0.00023060882129180652
691,6.985699529821595,47.0,53.0,0.011592814029521373
692,7.0004663506949925,48.0,52.0,0.014766820873397772
693,7.001547768875372,49.0,51.0,0.0010814181803790583
694,7.018452631065227,50.0,50.0,0.016904862189855117
695,7.023962096222603,49.0,51.0,0.005509465157376534
696,7.038918243895193,50.0,50.0,0.014956147672589081
697,7.053244929321305,49.0,51.0,0.014326685426111502
698,7.054395160729054,50.0,50.0,0.0011502314077492652
699,7.061519715580868,51.0,49.0,0.00712455485181431
700,7.064566793744541,52.0,48.0,0.0030470781636736627
701,7.067968972366835,51.0,49.0,0.003402178622293635
702,7.074453903696596,50.0,50.0,0.006484931329761143
703,7.0886347527860245,49.0,51.0,0.014180849089428548
704,7.098451725092141,50.0,50.0,0.009816972306116771
705,7.114046392439281,51.0,49.0,0.01559466734714072
706,7.141589150617784,52.0,48.0,0.027542758178502564
707,7.151480497421721,53.0,47.0,0.009891346803937643
708,7.155757617108551,54.0,46.0,0.004277119686830343
709,7.169177524359273,55.0,45.0,0.013419907250721771
710,7.171545130956188,54.0,46.0,0.0023676065969154003
711,7.174078196246721,53.0,47.0,0.0025330652905330626
712,7.193538635489308,52.0,48.0,0.019460439242587158
713,7.197148576002148,53.0,47.0,0.003609940512839838
714,7.19838918790389,52.0,48.0,0.0012406119017425836
715,7.200131425621158,53.0,47.0,0.0017422377172671003
716,7.218799334672866,54.0,46.0,0.018667909051708172
717,7.229567918591576,55.0,45.0,0.010768583918710183
718,7.236661900552843,56.0,44.0,0.007093981961265977
719,7.242410655190262,57.0,43.0,0.005748754637418868
720,7.248645600118939,56.0,44.0,0.006234944928677677
721,7.277080604948013,55.0,45.0,0.028435004829073816
722,7.278214756997484,54.0,46.0,0.0011341520494707604
723,7.284207760469571,55.0,45.0,0.005993003472086974
724,7.2982221639714115,56.0,44.0,0.014014403501840125
725,7.316808392072975,57.0,43.0,0.0185862281015635
726,7.332069150954621,56.0,44.0,0.015260758881646075
727,7.339501591682536,55.0,45.0,0.007432440727914772
728,7.341741127025562,54.0,46.0,0.0022395353430262784
729,7.342090858479605,55.0,45.0,0.00034973145404340925
730,7.344171317367539,56.0,44.0,0.0020804588879328634
731,7.348007667799292,57.0,43.0,0.0038363504317533953
732,7.352829427511515,56.0,44.0,0.004821759712222338
733,7.359996960998254,55.0,45.0,0.007167533486738921
734,7.360024957175618,56.0,44.0,2.7996177363739283e-05
735,7.364233207065046,55.0,45.0,0.004208249889427999
736,7.386089427483616,54.0,46.0,0.021856220418570303
737,7.386701633810866,53.0,47.0,0.0006122063272504652
738,7.392404236526652,52.0,48.0,0.005702602715785384
739,7.3934391187141975,53.0,47.0,0.0010348821875461483
740,7.401216315842737,54.0,46.0,0.00777719712853907
741,7.40277016569494,53.0,47.0,0.0015538498522034779
742,7.436483421282769,54.0,46.0,0.03371325558782849
743,7.450041997577051,53.0,47.0,0.013558576294282532
744,7.474430104116835,54.0,46.0,0.024388106539784297
745,7.475985884811504,55.0,45.0,0.0015557806946683338
746,7.486115007227894,54.0,46.0,0.010129122416390215
747,7.488701967538557,55.0,45.0,0.0025869603106631178
748,7.490441527487206,56.0,44.0,0.0017395599486485583
