,0,1,2,3
0,0.0,10.0,90.0,0.0
1,0.0033339462479360007,9.0,91.0,0.0033339462479360007
2,0.012775844851586993,10.0,90.0,0.009441898603650993
3,0.021954342244980808,11.0,89.0,0.009178497393393813
4,0.023105064504904422,12.0,88.0,0.0011507222599236127
5,0.02391617027155969,13.0,87.0,0.0008111057666552656
6,0.05478318814345073,12.0,88.0,0.03086701787189104
7,0.07401447630601858,13.0,87.0,0.019231288162567858
8,0.0806777057302174,14.0,86.0,0.006663229424198822
9,0.08178847665380024,15.0,85.0,0.0011107709235828281
10,0.08480294633567027,16.0,84.0,0.0030144696818700323
11,0.09330422761724635,17.0,83.0,0.008501281281576074
12,0.10215205681197588,18.0,82.0,0.008847829194729526
13,0.10441219995236645,19.0,81.0,0.0022601431403905634
14,0.10469224119553457,20.0,80.0,0.00028004124316811875
15,0.11265728108716777,21.0,79.0,0.007965039891633207
16,0.11682833021194816,20.0,80.0,0.0041710491247803835
17,0.1275659278828176,21.0,79.0,0.010737597670869433
18,0.13103290497611847,22.0,78.0,0.0034669770933008857
19,0.14370040274353285,23.0,77.0,0.012667497767414396
20,0.1642046129265406,24.0,76.0,0.020504210183007732
21,0.17040454402358657,25.0,75.0,0.006199931097045964
22,0.18371870078922728,26.0,74.0,0.01331415676564071
23,0.18529435897682595,27.0,73.0,0.0015756581875986792
24,0.2118077599379172,28.0,72.0,0.026513400961091255
25,0.21917121307116694,27.0,73.0,0.007363453133249743
26,0.22548999141820036,26.0,74.0,0.006318778347033428
27,0.227924414817861,27.0,73.0,0.002434423399660623
28,0.2812574994547,28.0,72.0,0.05333308463683901
29,0.2908761498599813,27.0,73.0,0.00961865040528125
30,0.2996970275817508,28.0,72.0,0.008820877721769519
31,0.30991040348688753,27.0,73.0,0.010213375905136709
32,0.31528527597689904,26.0,74.0,0.005374872490011483
33,0.33535156830540747,25.0,75.0,0.02006629232850843
34,0.3367092681655718,26.0,74.0,0.0013576998601643377
35,0.3386807321210844,25.0,75.0,0.00197146395551262
36,0.3508536524359679,24.0,76.0,0.012172920314883474
37,0.3539076161456396,23.0,77.0,0.0030539637096716784
38,0.35831341087735397,24.0,76.0,0.0044057947317144
39,0.386099881847351,25.0,75.0,0.027786470969997017
40,0.3903400914531104,26.0,74.0,0.004240209605759403
41,0.4022314777028682,25.0,75.0,0.011891386249757819
42,0.4027126991969635,26.0,74.0,0.0004812214940953072
43,0.40667592610695324,27.0,73.0,0.003963226909989756
44,0.40854471039031603,28.0,72.0,0.0018687842833628116
45,0.4089895079569455,27.0,73.0,0.0004447975666294598
46,0.41253455995505184,26.0,74.0,0.00354505199810636
47,0.4380325059139544,25.0,75.0,0.025497945958902517
48,0.4628515906144366,26.0,74.0,0.024819084700482216
49,0.46327996784851605,27.0,73.0,0.0004283772340794546
50,0.4694104957224831,26.0,74.0,0.006130527873967071
51,0.4822854119799918,27.0,73.0,0.012874916257508697
52,0.48297495309215976,28.0,72.0,0.0006895411121679712
53,0.48377544298126884,29.0,71.0,0.0008004898891090898
54,0.4948919092591394,30.0,70.0,0.011116466277870541
55,0.5167336062967403,29.0,71.0,0.021841697037600895
56,0.519564865175899,30.0,70.0,0.0028312588791586397
57,0.5441374344400404,31.0,69.0,0.024572569264141402
58,0.5518844723357516,32.0,68.0,0.007747037895711165
59,0.5558368867215786,33.0,67.0,0.003952414385827093
60,0.5692649448434315,32.0,68.0,0.01342805812185293
61,0.5779431831868044,33.0,67.0,0.00867823834337292
62,0.5869360628848881,32.0,68.0,0.008992879698083715
63,0.5880587050485421,33.0,67.0,0.0011226421636539472
64,0.5951820911998067,34.0,66.0,0.007123386151264608
65,0.6035887833045196,33.0,67.0,0.008406692104712902
66,0.6124242467343859,34.0,66.0,0.008835463429866302
67,0.6272146537106719,33.0,67.0,0.014790406976286027
68,0.6327135600654442,32.0,68.0,0.005498906354772348
69,0.6328259742663809,33.0,67.0,0.00011241420093661802
70,0.6334151963064045,32.0,68.0,0.0005892220400236067
71,0.654222914365407,31.0,69.0,0.020807718059002524
72,0.6548793437053717,32.0,68.0,0.0006564293399647212
73,0.6572601541391522,33.0,67.0,0.0023808104337804956
74,0.6587519437772199,32.0,68.0,0.0014917896380677769
75,0.6603413629858931,31.0,69.0,0.0015894192086731607
76,0.6648328427428223,30.0,70.0,0.004491479756929214
77,0.6686674651109948,31.0,69.0,0.0038346223681725417
78,0.7040564369112827,32.0,68.0,0.03538897180028789
79,0.7068436550985584,31.0,69.0,0.0027872181872756543
80,0.7123340810493799,32.0,68.0,0.005490425950821451
81,0.7173661512463511,33.0,67.0,0.005032070196971117
82,0.7390488625140977,34.0,66.0,0.02168271126774667
83,0.7412827653462055,33.0,67.0,0.002233902832107827
84,0.746832766547848,32.0,68.0,0.0055500012016425435
85,0.7505857149164887,33.0,67.0,0.003752948368640706
86,0.755910307709827,34.0,66.0,0.0053245927933382505
87,0.7603015420361307,35.0,65.0,0.004391234326303581
88,0.7769656031902887,36.0,64.0,0.01666406115415811
89,0.7878570669420332,35.0,65.0,0.010891463751744412
90,0.8028839234020394,34.0,66.0,0.015026856460006252
91,0.8329259358304154,35.0,65.0,0.030042012428376032
92,0.8439060491061298,36.0,64.0,0.01098011327571433
93,0.8454746213669786,35.0,65.0,0.0015685722608487886
94,0.8495182747178052,34.0,66.0,0.004043653350826609
95,0.8577817148654342,33.0,67.0,0.008263440147629008
96,0.8708430595655441,34.0,66.0,0.01306134470010992
97,0.8805808321549344,35.0,65.0,0.009737772589390318
98,0.8841110697719503,36.0,64.0,0.0035302376170159165
99,0.9035495871101323,37.0,63.0,0.01943851733818206
100,0.9142885376226125,36.0,64.0,0.010738950512480175
101,0.9341384047341421,37.0,63.0,0.01984986711152957
102,0.9440712586454135,38.0,62.0,0.009932853911271381
103,0.9535185573416038,37.0,63.0,0.009447298696190338
104,0.9583346531362203,38.0,62.0,0.004816095794616501
105,0.9589029333306832,39.0,61.0,0.000568280194462898
106,0.9646684923083947,38.0,62.0,0.005765558977711472
107,0.9669436441329226,39.0,61.0,0.002275151824527822
108,0.9705642218360871,40.0,60.0,0.0036205777031645767
109,0.9977732169623332,41.0,59.0,0.02720899512624611
110,0.99835556234335,42.0,58.0,0.0005823453810167396
111,1.0141417789046994,41.0,59.0,0.015786216561349445
112,1.0175027330792223,42.0,58.0,0.00336095417452308
113,1.0246312398923074,43.0,57.0,0.0071285068130851345
114,1.0251097915612757,44.0,56.0,0.00047855166896835393
115,1.0251972348193503,45.0,55.0,8.744325807461734e-05
116,1.0408845751752422,46.0,54.0,0.015687340355891824
117,1.0427036404365495,47.0,53.0,0.0018190652613072247
118,1.05107494896231,46.0,54.0,0.008371308525760318
119,1.0547707818833187,47.0,53.0,0.003695832921008832
120,1.0711717299555767,46.0,54.0,0.016400948072258108
121,1.0780198682732023,47.0,53.0,0.006848138317625481
122,1.081628321355657,48.0,52.0,0.003608453082454667
123,1.1014343047583361,49.0,51.0,0.01980598340267924
124,1.1024951373587197,48.0,52.0,0.001060832600383658
125,1.1327805835991873,47.0,53.0,0.030285446240467563
126,1.1427749306435602,48.0,52.0,0.00999434704437277
127,1.1538285482279667,49.0,51.0,0.011053617584406423
128,1.1544135337541317,48.0,52.0,0.0005849855261650328
129,1.1563910027523188,47.0,53.0,0.001977468998187024
130,1.1622519414734054,48.0,52.0,0.005860938721086701
131,1.1638938962279897,47.0,53.0,0.001641954754584181
132,1.1643681567545223,46.0,54.0,0.00047426052653274894
133,1.1671993804066343,45.0,55.0,0.0028312236521118657
134,1.167263016982742,44.0,56.0,6.363657610783297e-05
135,1.1840559168930598,45.0,55.0,0.016792899910317696
136,1.200323156357047,44.0,56.0,0.016267239463987088
137,1.2086108983941197,43.0,57.0,0.008287742037072918
138,1.2091476589184504,42.0,58.0,0.0005367605243306363
139,1.2111963749889672,43.0,57.0,0.0020487160705166913
140,1.2202926722358305,44.0,56.0,0.009096297246863406
141,1.2219760008388192,43.0,57.0,0.001683328602988661
142,1.227292416028353,44.0,56.0,0.005316415189533803
143,1.2415877202146501,45.0,55.0,0.014295304186297307
144,1.2449648321011382,46.0,54.0,0.003377111886488035
145,1.2556855702501168,47.0,53.0,0.010720738148978736
146,1.2670130171653404,48.0,52.0,0.011327446915223627
147,1.2729302558157793,47.0,53.0,0.005917238650438902
148,1.2794241084961575,46.0,54.0,0.006493852680378177
149,1.312944058792566,47.0,53.0,0.03351995029640862
150,1.3279022917922942,48.0,52.0,0.014958232999728262
151,1.343711594632987,49.0,51.0,0.015809302840692725
152,1.347401369303561,50.0,50.0,0.003689774670573861
153,1.3810515765468296,49.0,51.0,0.03365020724326862
154,1.389115107234766,50.0,50.0,0.008063530687936311
155,1.4190464468441548,49.0,51.0,0.02993133960938882
156,1.419440281151898,50.0,50.0,0.0003938343077432522
157,1.4324323456712826,51.0,49.0,0.012992064519384693
158,1.4590103633825102,52.0,48.0,0.026578017711227617
159,1.4612529428069183,53.0,47.0,0.002242579424408037
160,1.4662491686399892,52.0,48.0,0.004996225833070985
161,1.4731380278490633,53.0,47.0,0.006888859209074169
162,1.4800405439944466,54.0,46.0,0.006902516145383184
163,1.5161106910879487,53.0,47.0,0.036070147093502015
164,1.5196408787235332,52.0,48.0,0.0035301876355844715
165,1.5313356030431278,53.0,47.0,0.011694724319594655
166,1.5394267901095353,54.0,46.0,0.008091187066407447
167,1.5482406361150107,55.0,45.0,0.008813846005475464
168,1.5490600875677785,54.0,46.0,0.000819451452767692
169,1.5648731045141375,55.0,45.0,0.01581301694635905
170,1.5857418636083975,56.0,44.0,0.020868759094259993
171,1.6098232490416147,57.0,43.0,0.024081385433217133
172,1.6381678763370366,58.0,42.0,0.028344627295422028
173,1.645458160086786,57.0,43.0,0.007290283749749202
174,1.64709633724768,56.0,44.0,0.0016381771608940743
175,1.6720718162762322,55.0,45.0,0.024975479028552263
176,1.6930034056349936,56.0,44.0,0.020931589358761375
177,1.719426872406133,57.0,43.0,0.02642346677113934
178,1.7216505290075834,58.0,42.0,0.0022236566014503987
179,1.7250285961890606,59.0,41.0,0.0033780671814771577
180,1.7292896242889289,60.0,40.0,0.004261028099868235
181,1.7345225719137842,59.0,41.0,0.005232947624855462
182,1.742835812035733,58.0,42.0,0.00831324012194868
183,1.7512315467385597,59.0,41.0,0.00839573470282674
184,1.7664842393244442,58.0,42.0,0.015252692585884414
185,1.7717443091070773,59.0,41.0,0.005260069782633054
186,1.7742177802305223,60.0,40.0,0.0024734711234451314
187,1.7762544471680968,59.0,41.0,0.0020366669375743727
188,1.7866287913072363,60.0,40.0,0.010374344139139622
189,1.7885305161198628,59.0,41.0,0.0019017248126265067
190,1.7916162919091143,60.0,40.0,0.0030857757892515532
191,1.8244744984467964,59.0,41.0,0.032858206537682164
192,1.8334443614774183,60.0,40.0,0.008969863030621895
193,1.8349751527399063,61.0,39.0,0.0015307912624879334
194,1.8381685125919138,62.0,38.0,0.0031933598520074834
195,1.8727921493114312,63.0,37.0,0.034623636719517466
196,1.8839126959985046,64.0,36.0,0.011120546687073306
197,1.8853100338136926,65.0,35.0,0.0013973378151879697
198,1.8856658970478375,66.0,34.0,0.000355863234144837
199,1.8861049698184864,67.0,33.0,0.0004390727706489137
200,1.887684710399934,66.0,34.0,0.0015797405814474326
201,1.9047729788653385,65.0,35.0,0.017088268465404628
202,1.9111109062280522,66.0,34.0,0.0063379273627138105
203,1.9645338915792485,65.0,35.0,0.05342298535119619
204,1.9856051987984316,64.0,36.0,0.021071307219183075
205,2.0034527941178633,65.0,35.0,0.0178475953194315
206,2.0062873471529548,66.0,34.0,0.002834553035091421
207,2.050356741885201,67.0,33.0,0.044069394732246234
208,2.060968860935941,68.0,32.0,0.01061211905073979
209,2.068607584455202,69.0,31.0,0.00763872351926113
210,2.074716894412766,70.0,30.0,0.0061093099575641584
211,2.0866111430145007,71.0,29.0,0.011894248601734452
212,2.1066720205744884,72.0,28.0,0.020060877559987762
213,2.1107887531729324,73.0,27.0,0.004116732598443825
214,2.1168540266508273,72.0,28.0,0.006065273477895092
215,2.118149895991479,73.0,27.0,0.0012958693406515758
216,2.1215589235484735,72.0,28.0,0.0034090275569944413
217,2.1297038137279243,73.0,27.0,0.008144890179450923
218,2.171171726299215,74.0,26.0,0.041467912571290705
219,2.175006362325892,75.0,25.0,0.003834636026676849
220,2.2129376185599763,74.0,26.0,0.03793125623408421
221,2.245789097453723,73.0,27.0,0.032851478893746865
222,2.266827733555983,74.0,26.0,0.0210386361022603
223,2.288854487381759,75.0,25.0,0.022026753825775687
224,2.383366049905059,76.0,24.0,0.09451156252329954
225,2.3845675814820133,77.0,23.0,0.0012015315769546271
226,2.393977014014687,78.0,22.0,0.009409432532673775
227,2.398920215085567,79.0,21.0,0.004943201070879792
228,2.4258862778350996,78.0,22.0,0.026966062749532636
229,2.4415100326493038,77.0,23.0,0.015623754814204369
230,2.4497727803234786,76.0,24.0,0.008262747674174942
231,2.4826534617606324,75.0,25.0,0.03288068143715388
232,2.4902416341092177,76.0,24.0,0.007588172348585503
233,2.5348940175111405,77.0,23.0,0.04465238340192291
234,2.534967300759124,78.0,22.0,7.328324798327905e-05
235,2.5426317183206444,77.0,23.0,0.007664417561520563
236,2.547179101286229,76.0,24.0,0.0045473829655848326
237,2.5499220274125602,77.0,23.0,0.002742926126331412
238,2.6042392482676058,78.0,22.0,0.05431722085504549
239,2.6378335282520156,79.0,21.0,0.03359427998440966
240,2.6703380592595196,78.0,22.0,0.03250453100750397
241,2.7073073983583056,79.0,21.0,0.03696933909878614
242,2.7263943795230947,78.0,22.0,0.019086981164789
243,2.7291250429091973,79.0,21.0,0.002730663386102481
244,2.7357830547407134,78.0,22.0,0.006658011831516028
245,2.7480839619751385,79.0,21.0,0.012300907234424986
246,2.76054548798406,80.0,20.0,0.012461526008921444
247,2.7670856261840933,81.0,19.0,0.006540138200033577
248,2.7820032041087432,82.0,18.0,0.014917577924649993
249,2.7874311140669903,81.0,19.0,0.005427909958247253
250,2.840101810105807,80.0,20.0,0.052670696038816925
251,2.861768863151676,79.0,21.0,0.021667053045869026
252,2.8989563258531703,78.0,22.0,0.03718746270149416
253,2.936354772641333,77.0,23.0,0.03739844678816255
254,2.985081721425478,78.0,22.0,0.04872694878414516
255,2.9923136063025946,77.0,23.0,0.0072318848771163015
256,3.006368617641503,76.0,24.0,0.014055011338908595
257,3.0350875326225735,75.0,25.0,0.028718914981070473
258,3.0376173947760554,76.0,24.0,0.002529862153481971
259,3.0530632652944574,75.0,25.0,0.015445870518401912
260,3.0569705070055924,74.0,26.0,0.003907241711135089
261,3.059045716408523,75.0,25.0,0.0020752094029304023
262,3.0638513436325536,74.0,26.0,0.004805627224030488
263,3.0687797709843796,73.0,27.0,0.004928427351825895
264,3.0806497430325885,72.0,28.0,0.011869972048208803
265,3.086682680874651,73.0,27.0,0.006032937842062309
266,3.0971058669317695,72.0,28.0,0.0104231860571185
267,3.1343478146281787,73.0,27.0,0.03724194769640942
268,3.14389149994291,72.0,28.0,0.009543685314731449
269,3.1522106243484154,73.0,27.0,0.00831912440550538
270,3.1573283216799446,74.0,26.0,0.005117697331529349
271,3.159588161259878,73.0,27.0,0.0022598395799335153
272,3.168718873421172,74.0,26.0,0.009130712161293988
273,3.1997729593468365,73.0,27.0,0.031054085925664682
274,3.2045370551433567,72.0,28.0,0.00476409579652018
275,3.21584165503595,73.0,27.0,0.011304599892593187
276,3.242697293347074,74.0,26.0,0.026855638311123708
277,3.261922462875516,75.0,25.0,0.019225169528442217
278,3.2826624126234507,74.0,26.0,0.020739949747934985
279,3.2948767032357162,73.0,27.0,0.01221429061226556
280,3.3342603878153847,72.0,28.0,0.03938368457966856
281,3.348505871848719,71.0,29.0,0.014245484033334128
282,3.3498845884202457,70.0,30.0,0.0013787165715269437
283,3.393104665759369,71.0,29.0,0.0432200773391232
284,3.410898514680011,70.0,30.0,0.017793848920642116
285,3.415257810677745,71.0,29.0,0.004359295997734018
286,3.4418722728938453,72.0,28.0,0.026614462216100435
287,3.4508567796338747,71.0,29.0,0.008984506740029506
288,3.5100387301692177,70.0,30.0,0.05918195053534302
289,3.525311316547228,69.0,31.0,0.015272586378010206
290,3.5321285891291985,68.0,32.0,0.006817272581970631
291,3.5587393084767136,67.0,33.0,0.026610719347515157
292,3.5671543772353718,66.0,34.0,0.008415068758658318
293,3.5701500293804758,67.0,33.0,0.002995652145103863
294,3.57568378370925,68.0,32.0,0.005533754328774241
295,3.5808810702740983,69.0,31.0,0.005197286564848267
296,3.586545131597604,68.0,32.0,0.005664061323505691
297,3.6064358970001114,67.0,33.0,0.0198907654025075
298,3.6078402337193816,68.0,32.0,0.001404336719270023
299,3.61948301358014,67.0,33.0,0.01164277986075842
300,3.65964035990367,66.0,34.0,0.04015734632353015
301,3.6621220165573143,65.0,35.0,0.0024816566536443145
302,3.665843100192083,64.0,36.0,0.003721083634768625
303,3.6690005577627613,65.0,35.0,0.0031574575706787185
304,3.697100248303247,66.0,34.0,0.028099690540485896
305,3.709321850664833,67.0,33.0,0.012221602361585591
306,3.7152366408590276,66.0,34.0,0.005914790194194927
307,3.768749357935876,67.0,33.0,0.05351271707684849
308,3.774876560417876,68.0,32.0,0.006127202481999634
309,3.7793361005845907,67.0,33.0,0.004459540166714821
310,3.782926830500813,66.0,34.0,0.0035907299162222443
311,3.787203780305561,67.0,33.0,0.004276949804748034
312,3.81846166667915,66.0,34.0,0.031257886373589346
313,3.8295627699951784,65.0,35.0,0.011101103316028121
314,3.829757392607677,64.0,36.0,0.00019462261249828794
315,3.835329411319907,63.0,37.0,0.005572018712229774
316,3.8657401956367647,62.0,38.0,0.03041078431685785
317,3.8767461281537385,61.0,39.0,0.011005932516973998
318,3.889716325679657,62.0,38.0,0.012970197525918445
319,3.8937975668102163,63.0,37.0,0.0040812411305593994
320,3.905712588147729,62.0,38.0,0.011915021337512684
321,3.9215040768246907,61.0,39.0,0.01579148867696152
322,3.934596160663019,60.0,40.0,0.01309208383832814
323,3.9697445905120734,61.0,39.0,0.03514842984905461
324,3.9853301530476255,60.0,40.0,0.01558556253555203
325,4.014821422029538,61.0,39.0,0.029491268981912684
326,4.018269655022388,62.0,38.0,0.003448232992850834
327,4.031671264887082,61.0,39.0,0.013401609864693772
328,4.041467086934376,62.0,38.0,0.009795822047294187
329,4.042489667049489,61.0,39.0,0.0010225801151132277
330,4.047225245493934,60.0,40.0,0.004735578444444749
331,4.055945098089858,61.0,39.0,0.00871985259592478
332,4.1052878613778425,62.0,38.0,0.049342763287984426
333,4.110630939804794,63.0,37.0,0.005343078426951492
334,4.120603707040534,64.0,36.0,0.009972767235739123
335,4.1209302534932535,63.0,37.0,0.00032654645271995597
336,4.1479612260511605,62.0,38.0,0.027030972557906704
337,4.161389201761394,63.0,37.0,0.013427975710233794
338,4.19335166476206,62.0,38.0,0.03196246300066608
339,4.2061557212435625,63.0,37.0,0.012804056481502272
340,4.222117330048782,64.0,36.0,0.01596160880521934
341,4.2515858758609655,63.0,37.0,0.0294685458121832
342,4.256851635730378,62.0,38.0,0.005265759869412626
343,4.266267653913068,63.0,37.0,0.009416018182689558
344,4.276906422345008,64.0,36.0,0.010638768431940596
345,4.288705259092713,65.0,35.0,0.011798836747704834
346,4.292088835421834,66.0,34.0,0.0033835763291204584
347,4.294010735137858,67.0,33.0,0.0019218997160245037
348,4.301708840922268,68.0,32.0,0.007698105784410543
349,4.315484356432397,69.0,31.0,0.013775515510128736
350,4.34349083105702,70.0,30.0,0.028006474624622545
351,4.352195421014087,69.0,31.0,0.008704589957066723
352,4.363981124009966,68.0,32.0,0.0117857029958788
353,4.377103473673151,67.0,33.0,0.013122349663185906
354,4.382922491741362,68.0,32.0,0.005819018068211059
355,4.418712228565194,67.0,33.0,0.0357897368238313
356,4.440386846604893,68.0,32.0,0.021674618039699577
357,4.442134732571606,69.0,31.0,0.0017478859667129595
358,4.452405482682569,70.0,30.0,0.010270750110963157
359,4.459558381373734,71.0,29.0,0.007152898691164706
360,4.46206327109299,72.0,28.0,0.002504889719256204
361,4.4708318717044,71.0,29.0,0.00876860061140895
362,4.5017771057212626,70.0,30.0,0.03094523401686243
363,4.52861443740079,71.0,29.0,0.02683733167952781
364,4.549361448484306,72.0,28.0,0.020747011083515617
365,4.558560394074659,71.0,29.0,0.009198945590353197
366,4.569407142667738,70.0,30.0,0.010846748593078819
367,4.608313758317228,69.0,31.0,0.03890661564948927
368,4.608858295648915,70.0,30.0,0.0005445373316870654
369,4.622967811902564,71.0,29.0,0.014109516253648723
370,4.627131299034065,72.0,28.0,0.004163487131501188
371,4.634313856881021,71.0,29.0,0.007182557846955645
372,4.6350725349529425,70.0,30.0,0.0007586780719211186
373,4.636492633118302,69.0,31.0,0.0014200981653599628
374,4.637532800617388,70.0,30.0,0.0010401674990854794
375,4.642983325050986,71.0,29.0,0.00545052443359879
376,4.652365089436243,72.0,28.0,0.009381764385256636
377,4.658984410597218,71.0,29.0,0.006619321160975263
378,4.676360292649024,70.0,30.0,0.017375882051806475
379,4.680858069274889,71.0,29.0,0.004497776625864562
380,4.684976394540325,72.0,28.0,0.00411832526543609
381,4.694870960929933,71.0,29.0,0.009894566389608575
382,4.705352560786297,72.0,28.0,0.010481599856364342
383,4.720792475853735,71.0,29.0,0.01543991506743834
384,4.729395846478811,72.0,28.0,0.008603370625075367
385,4.736917389343851,71.0,29.0,0.007521542865040321
386,4.76238690179116,72.0,28.0,0.025469512447308638
387,4.771358939360627,71.0,29.0,0.008972037569466278
388,4.8014443249782,70.0,30.0,0.03008538561757342
389,4.804994262577848,71.0,29.0,0.003549937599648214
390,4.808204818120352,70.0,30.0,0.003210555542504102
391,4.821374828620371,71.0,29.0,0.013170010500019407
392,4.823190843744878,70.0,30.0,0.0018160151245068114
393,4.851605169336365,69.0,31.0,0.02841432559148695
394,4.921602739459862,68.0,32.0,0.069997570123498
395,4.9357579846259485,69.0,31.0,0.014155245166085836
396,4.959043361815817,70.0,30.0,0.02328537718986806
397,4.990243421301084,71.0,29.0,0.031200059485267315
398,4.990565469147259,70.0,30.0,0.0003220478461744097
399,5.022743321869674,71.0,29.0,0.032177852722415023
400,5.028329716891763,70.0,30.0,0.005586395022088494
401,5.050950596904565,69.0,31.0,0.022620880012801752
402,5.055881181825242,70.0,30.0,0.004930584920676686
403,5.0985962539115235,69.0,31.0,0.04271507208628124
404,5.101943503366087,68.0,32.0,0.0033472494545632382
405,5.129457021550965,67.0,33.0,0.02751351818487797
406,5.154698994399291,68.0,32.0,0.025241972848325318
407,5.196426272872204,69.0,31.0,0.04172727847291292
408,5.2092716858185035,68.0,32.0,0.012845412946300018
409,5.225284314753215,69.0,31.0,0.016012628934711087
410,5.228429440897938,68.0,32.0,0.003145126144723
411,5.232876574380295,69.0,31.0,0.004447133482357635
412,5.259322395307196,68.0,32.0,0.026445820926900888
413,5.268446407794947,67.0,33.0,0.00912401248775126
414,5.269528115986303,66.0,34.0,0.0010817081913562588
415,5.271443884046583,67.0,33.0,0.0019157680602795784
416,5.287320733673002,68.0,32.0,0.015876849626418423
417,5.304959100655672,67.0,33.0,0.01763836698267112
418,5.310859744707304,68.0,32.0,0.005900644051631438
419,5.312686637431235,67.0,33.0,0.0018268927239312295
420,5.332245067073357,66.0,34.0,0.01955842964212183
421,5.333314653015191,65.0,35.0,0.0010695859418337983
422,5.343298852329718,64.0,36.0,0.009984199314527193
423,5.383023031229781,65.0,35.0,0.03972417890006286
424,5.388045153422782,66.0,34.0,0.0050221221930010634
425,5.4022232053381725,67.0,33.0,0.014178051915390476
426,5.40871895799868,66.0,34.0,0.0064957526605076265
427,5.417548608604482,65.0,35.0,0.008829650605802843
428,5.428572517180009,64.0,36.0,0.011023908575526157
429,5.437237197072899,65.0,35.0,0.008664679892890222
430,5.448589827920768,64.0,36.0,0.011352630847868472
431,5.46075487779086,65.0,35.0,0.012165049870092235
432,5.497312257018143,64.0,36.0,0.0365573792272827
433,5.5079014472642776,63.0,37.0,0.010589190246134975
434,5.514309184398408,64.0,36.0,0.006407737134129885
435,5.537475586558511,65.0,35.0,0.0231664021601035
436,5.544421817836762,66.0,34.0,0.006946231278250907
437,5.550824487667064,65.0,35.0,0.006402669830301839
438,5.552326070138912,66.0,34.0,0.0015015824718484642
439,5.590201903266729,67.0,33.0,0.03787583312781732
440,5.6498220704500595,68.0,32.0,0.05962016718333016
441,5.68237479568524,67.0,33.0,0.03255272523518014
442,5.696209572018856,66.0,34.0,0.013834776333615824
443,5.7129871872586,65.0,35.0,0.016777615239743936
444,5.7226489583159115,64.0,36.0,0.009661771057312004
445,5.739515487779029,65.0,35.0,0.016866529463116918
446,5.7620064991140625,66.0,34.0,0.022491011335034252
447,5.781725201339642,67.0,33.0,0.01971870222557872
448,5.792959020269204,68.0,32.0,0.011233818929562545
449,5.797723301448482,67.0,33.0,0.004764281179278163
450,5.816545740962787,68.0,32.0,0.018822439514305365
451,5.837188878452232,67.0,33.0,0.020643137489445268
452,5.858283296028509,68.0,32.0,0.021094417576276978
453,5.871862243505087,69.0,31.0,0.013578947476577882
454,5.882524477206134,70.0,30.0,0.010662233701047212
455,5.886046024353268,69.0,31.0,0.0035215471471342218
456,5.900492315608735,70.0,30.0,0.014446291255467507
457,5.909775690343066,71.0,29.0,0.009283374734330326
458,5.969440563381397,70.0,30.0,0.05966487303833126
459,6.002135069027008,71.0,29.0,0.03269450564561122
460,6.0057880017022605,70.0,30.0,0.0036529326752522727
461,6.010943162476613,69.0,31.0,0.005155160774352508
462,6.028937606274315,70.0,30.0,0.01799444379770282
463,6.039003515699055,69.0,31.0,0.010065909424740038
464,6.044418951440042,68.0,32.0,0.005415435740986471
465,6.069675093713796,69.0,31.0,0.025256142273754674
466,6.077221803717387,68.0,32.0,0.007546710003590572
467,6.07907576040586,67.0,33.0,0.0018539566884734238
468,6.104050485105524,68.0,32.0,0.02497472469966445
469,6.1041912762135695,69.0,31.0,0.00014079110804574618
470,6.114541699674449,68.0,32.0,0.010350423460879563
471,6.127876595442973,67.0,33.0,0.013334895768523952
472,6.178575282713817,66.0,34.0,0.050698687270844055
473,6.186092659589293,65.0,35.0,0.007517376875476136
474,6.188785792933444,64.0,36.0,0.002693133344151569
475,6.200485335216966,65.0,35.0,0.011699542283521288
476,6.219430618576878,64.0,36.0,0.018945283359911646
477,6.221391439646453,65.0,35.0,0.0019608210695754294
478,6.243008716327172,66.0,34.0,0.02161727668071892
479,6.25952415433287,65.0,35.0,0.01651543800569786
480,6.272353997289085,64.0,36.0,0.012829842956215063
481,6.311731554682991,65.0,35.0,0.039377557393906054
482,6.321864638772248,66.0,34.0,0.010133084089257454
483,6.329822089039014,67.0,33.0,0.00795745026676636
484,6.340141414912265,66.0,34.0,0.010319325873250147
485,6.342271308621076,65.0,35.0,0.002129893708810626
486,6.346308963245075,66.0,34.0,0.004037654623999584
487,6.34784788008042,65.0,35.0,0.0015389168353447066
488,6.348764060827653,66.0,34.0,0.0009161807472330385
489,6.355556152348436,65.0,35.0,0.0067920915207831094
490,6.364894152425925,64.0,36.0,0.00933800007748896
491,6.371139236854569,63.0,37.0,0.006245084428644272
492,6.37205938760543,62.0,38.0,0.0009201507508606259
493,6.382715520456218,61.0,39.0,0.010656132850788353
494,6.397146350726338,60.0,40.0,0.014430830270120083
495,6.416842032301701,61.0,39.0,0.019695681575362518
496,6.430928485458881,60.0,40.0,0.014086453157180124
497,6.437769684415048,61.0,39.0,0.006841198956166741
498,6.47192115800349,62.0,38.0,0.03415147358844246
499,6.4854655502230685,63.0,37.0,0.013544392219577888
500,6.487641292519432,62.0,38.0,0.0021757422963629893
501,6.48870221281668,63.0,37.0,0.001060920297247746
502,6.502618727290491,64.0,36.0,0.013916514473810988
503,6.524354275889161,63.0,37.0,0.021735548598669836
504,6.524649227697765,62.0,38.0,0.00029495180860397393
505,6.547058780964586,63.0,37.0,0.02240955326682102
506,6.55308650399174,62.0,38.0,0.006027723027154231
507,6.569119519349149,63.0,37.0,0.016033015357408996
508,6.581047601014342,64.0,36.0,0.011928081665193338
509,6.5852233810127565,63.0,37.0,0.004175779998414235
510,6.628594909953919,64.0,36.0,0.04337152894116206
511,6.64102243750704,65.0,35.0,0.012427527553120748
512,6.641469720801871,66.0,34.0,0.0004472832948318038
513,6.682330649684279,67.0,33.0,0.04086092888240818
514,6.692225547684261,68.0,32.0,0.009894897999982059
515,6.752627049775702,67.0,33.0,0.06040150209144078
516,6.765223365577576,68.0,32.0,0.012596315801873988
517,6.784728499954331,69.0,31.0,0.01950513437675486
518,6.795123665136644,68.0,32.0,0.010395165182312704
519,6.81005102185717,69.0,31.0,0.014927356720525732
520,6.831783095112975,70.0,30.0,0.02173207325580502
521,6.8318984735050075,69.0,31.0,0.00011537839203246359
522,6.8819022992397185,68.0,32.0,0.05000382573471085
523,6.893087250232125,67.0,33.0,0.011184950992406533
524,6.909852354072016,66.0,34.0,0.016765103839891254
525,6.98838885588354,67.0,33.0,0.07853650181152345
526,6.996373879415381,66.0,34.0,0.007985023531840878
527,6.998018506604578,65.0,35.0,0.0016446271891974941
528,7.020738277787418,64.0,36.0,0.022719771182840007
529,7.027505616757009,63.0,37.0,0.006767338969591355
530,7.034423411353418,64.0,36.0,0.006917794596409762
531,7.034776618015339,63.0,37.0,0.00035320666192116323
532,7.037404731037133,64.0,36.0,0.0026281130217933146
533,7.043436214844497,65.0,35.0,0.006031483807364481
534,7.044513747129895,64.0,36.0,0.0010775322853985737
535,7.05637643152749,63.0,37.0,0.011862684397594967
536,7.0648059086112225,62.0,38.0,0.008429477083731969
537,7.068584410840184,61.0,39.0,0.0037785022289609223
538,7.092018123454965,62.0,38.0,0.023433712614780805
539,7.094743217431121,61.0,39.0,0.002725093976156876
540,7.094920045104218,62.0,38.0,0.0001768276730965092
541,7.110151876017069,63.0,37.0,0.015231830912850174
542,7.117036687398845,62.0,38.0,0.0068848113817767485
543,7.1347607920506935,63.0,37.0,0.017724104651848788
544,7.18381604785372,64.0,36.0,0.04905525580302695
545,7.183859406237915,65.0,35.0,4.335838419500454e-05
546,7.190972605892563,66.0,34.0,0.007113199654647526
547,7.208382835183148,65.0,35.0,0.01741022929058424
548,7.247105445086221,64.0,36.0,0.03872260990307244
549,7.252743172259885,63.0,37.0,0.0056377271736649135
550,7.264503724238713,62.0,38.0,0.011760551978828096
551,7.269366319716459,61.0,39.0,0.004862595477746602
552,7.290315571433907,60.0,40.0,0.020949251717447298
553,7.31470798268776,59.0,41.0,0.024392411253852518
554,7.321198022601297,60.0,40.0,0.006490039913536701
555,7.338284974798471,59.0,41.0,0.017086952197174415
556,7.342582630453769,60.0,40.0,0.004297655655297925
557,7.357147879195801,61.0,39.0,0.014565248742031321
558,7.3663742913118355,62.0,38.0,0.009226412116034444
559,7.371771189638018,63.0,37.0,0.0053968983261823665
560,7.388571552631207,64.0,36.0,0.01680036299318952
561,7.402132837795067,63.0,37.0,0.013561285163859446
562,7.41048290239505,64.0,36.0,0.008350064599982839
563,7.4255991643800785,63.0,37.0,0.015116261985028268
564,7.442204328320686,62.0,38.0,0.01660516394060719
565,7.448884730036158,63.0,37.0,0.006680401715472264
566,7.449413171867712,62.0,38.0,0.0005284418315532778
567,7.45092982616672,63.0,37.0,0.00151665429900845
568,7.451980476867903,64.0,36.0,0.0010506507011827405
569,7.462284965659816,65.0,35.0,0.010304488791912533
570,7.468968034338854,64.0,36.0,0.006683068679038233
571,7.504265494184579,63.0,37.0,0.035297459845724626
572,7.507243425517696,64.0,36.0,0.00297793133311693
573,7.536503811595404,65.0,35.0,0.029260386077707874
574,7.56167483125406,64.0,36.0,0.025171019658656393
575,7.576159527980374,63.0,37.0,0.014484696726313277
576,7.59253285226371,62.0,38.0,0.016373324283336047
577,7.641621538262816,61.0,39.0,0.04908868599910626
578,7.672275162501752,62.0,38.0,0.03065362423893562
579,7.718509753416067,63.0,37.0,0.04623459091431611
580,7.730544846983161,64.0,36.0,0.012035093567093634
581,7.755698068610403,63.0,37.0,0.025153221627242543
582,7.770547736560587,62.0,38.0,0.014849667950183698
583,7.775746968189018,61.0,39.0,0.005199231628430825
584,7.781793271461785,60.0,40.0,0.006046303272767048
585,7.787662695809336,61.0,39.0,0.005869424347550692
586,7.789651804646638,60.0,40.0,0.0019891088373026567
587,7.813207622237275,61.0,39.0,0.023555817590636664
588,7.845466521374416,60.0,40.0,0.032258899137139994
589,7.8705312536552405,59.0,41.0,0.02506473228082491
590,7.878070638284444,60.0,40.0,0.007539384629203665
591,7.897949088417568,61.0,39.0,0.019878450133123983
592,7.899999103303238,62.0,38.0,0.0020500148856704673
593,7.908878276395984,63.0,37.0,0.00887917309274579
594,7.929033855794366,62.0,38.0,0.020155579398381498
595,7.933123289777581,63.0,37.0,0.004089433983215506
596,7.939122199945453,62.0,38.0,0.005998910167872884
597,7.949678993982458,61.0,39.0,0.010556794037004416
598,7.955006301275389,60.0,40.0,0.0053273072929309025
599,7.96141054124517,61.0,39.0,0.006404239969781372
600,7.970840545047144,62.0,38.0,0.009430003801973997
601,7.989934332708001,61.0,39.0,0.019093787660855947
602,7.993899493966284,60.0,40.0,0.003965161258283526
603,8.023597875966642,59.0,41.0,0.029698382000358785
604,8.054441889710665,60.0,40.0,0.030844013744022975
605,8.055409571960368,59.0,41.0,0.0009676822497037146
606,8.062911353774822,58.0,42.0,0.007501781814454347
607,8.068675191190652,59.0,41.0,0.005763837415828599
608,8.077193129511775,60.0,40.0,0.008517938321123087
609,8.078094751822833,61.0,39.0,0.0009016223110591198
610,8.083398303063364,62.0,38.0,0.005303551240530425
611,8.093041004775962,61.0,39.0,0.009642701712597773
612,8.095600309783645,62.0,38.0,0.0025593050076837503
613,8.13327883841007,63.0,37.0,0.03767852862642377
614,8.140987377501077,64.0,36.0,0.007708539091007379
615,8.167993795539047,63.0,37.0,0.027006418037969878
616,8.174691015310367,64.0,36.0,0.006697219771320242
617,8.207780046720845,63.0,37.0,0.033089031410478996
618,8.218252312639137,62.0,38.0,0.010472265918291873
619,8.279540141540123,63.0,37.0,0.06128782890098499
620,8.296293551285187,64.0,36.0,0.01675340974506474
621,8.31305793188113,65.0,35.0,0.016764380595942877
622,8.317255990534754,66.0,34.0,0.004198058653624907
623,8.32459456266633,65.0,35.0,0.007338572131576788
624,8.357246947024297,64.0,36.0,0.03265238435796566
625,8.421857601311158,65.0,35.0,0.06461065428686173
626,8.426598501223888,66.0,34.0,0.004740899912729691
627,8.42815573883077,67.0,33.0,0.0015572376068820899
628,8.428520641423486,68.0,32.0,0.0003649025927167642
629,8.462675085258864,67.0,33.0,0.034154443835378655
630,8.462811169480927,68.0,32.0,0.00013608422206391694
631,8.463257591537168,69.0,31.0,0.0004464220562404934
632,8.51449919358004,70.0,30.0,0.0512416020428723
633,8.519101159278184,71.0,29.0,0.004601965698143786
634,8.573606399894942,72.0,28.0,0.0545052406167583
635,8.581117055558078,71.0,29.0,0.007510655663136306
636,8.65897775124885,72.0,28.0,0.07786069569077167
637,8.665282600555225,71.0,29.0,0.006304849306374966
638,8.66592518022666,72.0,28.0,0.0006425796714350635
639,8.678758904649852,71.0,29.0,0.012833724423191833
640,8.701804506113476,70.0,30.0,0.023045601463624124
641,8.723021442716796,69.0,31.0,0.021216936603319837
642,8.734199986388207,70.0,30.0,0.011178543671411514
643,8.74173018384072,71.0,29.0,0.007530197452514184
644,8.745227656751283,72.0,28.0,0.003497472910561719
645,8.745262340440732,71.0,29.0,3.468368945019608e-05
646,8.749530394245884,70.0,30.0,0.004268053805151898
647,8.766376090891569,69.0,31.0,0.016845696645685762
648,8.787095529836739,68.0,32.0,0.020719438945169633
649,8.798317765857059,69.0,31.0,0.011222236020319425
650,8.812140201597199,68.0,32.0,0.01382243574013937
651,8.821645546563959,67.0,33.0,0.009505344966760497
652,8.823450071753776,66.0,34.0,0.0018045251898176399
653,8.826566036477786,67.0,33.0,0.003115964724010752
654,8.878331491331902,68.0,32.0,0.05176545485411611
655,8.917919907644977,67.0,33.0,0.03958841631307426
656,8.938514280778303,66.0,34.0,0.02059437313332593
657,8.941256807902166,65.0,35.0,0.002742527123863047
658,8.941303731194575,64.0,36.0,4.6923292408592556e-05
659,8.963765606176414,63.0,37.0,0.022461874981840598
660,8.970788790010062,64.0,36.0,0.007023183833647464
661,8.976896350771597,65.0,35.0,0.006107560761534455
662,8.982606669069558,64.0,36.0,0.005710318297960788
663,9.000542585892042,63.0,37.0,0.017935916822484195
664,9.031959500299461,64.0,36.0,0.03141691440741954
665,9.04658592922968,63.0,37.0,0.014626428930219145
666,9.048481852493783,62.0,38.0,0.0018959232641034256
667,9.049198574480814,63.0,37.0,0.0007167219870301918
668,9.075732623574728,64.0,36.0,0.026534049093914526
669,9.084621443904574,63.0,37.0,0.00888882032984532
670,9.095757643477647,64.0,36.0,0.01113619957307279
671,9.10431624354592,65.0,35.0,0.008558600068272635
672,9.119555328406669,64.0,36.0,0.015239084860749649
673,9.1305419560374,63.0,37.0,0.01098662763073125
674,9.136037604003313,64.0,36.0,0.005495647965913012
675,9.171996581618973,63.0,37.0,0.03595897761565969
676,9.195389711171954,62.0,38.0,0.02339312955298009
677,9.217627176527886,63.0,37.0,0.022237465355932323
678,9.222553909673001,62.0,38.0,0.004926733145115717
679,9.235298830369588,63.0,37.0,0.012744920696586929
680,9.24222529979262,62.0,38.0,0.006926469423032449
681,9.249724154751533,63.0,37.0,0.007498854958912003
682,9.255737519938629,62.0,38.0,0.006013365187096792
683,9.286607245188003,61.0,39.0,0.030869725249374584
684,9.295424081108184,62.0,38.0,0.008816835920180824
685,9.300927108704517,63.0,37.0,0.005503027596332889
686,9.324677027741657,62.0,38.0,0.023749919037140327
687,9.33602186519299,61.0,39.0,0.011344837451332945
688,9.36322800672413,62.0,38.0,0.027206141531139878
689,9.385090696815071,61.0,39.0,0.021862690090940565
690,9.386804704560058,60.0,40.0,0.0017140077449861806
691,9.390209840734027,59.0,41.0,0.0034051361739683545
692,9.415515462586022,58.0,42.0,0.025305621851995613
693,9.440103615822133,59.0,41.0,0.024588153236112232
694,9.471734574244048,60.0,40.0,0.031630958421913935
695,9.47498588326122,61.0,39.0,0.0032513090171738205
696,9.481874795774303,60.0,40.0,0.006888912513082304
697,9.499172428387274,59.0,41.0,0.017297632612971542
698,9.521351760640323,60.0,40.0,0.022179332253049713
699,9.550270193937578,59.0,41.0,0.028918433297254912
700,9.57650107417601,60.0,40.0,0.026230880238431665
701,9.61301519052825,59.0,41.0,0.03651411635224042
702,9.617903487498607,60.0,40.0,0.0048882969703577025
703,9.621287877573627,61.0,39.0,0.003384390075019355
704,9.623447014716623,62.0,38.0,0.0021591371429957548
705,9.639658679879222,63.0,37.0,0.016211665162599427
706,9.66362687487311,62.0,38.0,0.023968194993887415
707,9.666432610388044,63.0,37.0,0.002805735514934103
708,9.671455793615104,64.0,36.0,0.005023183227060083
709,9.688882568366944,63.0,37.0,0.017426774751839506
710,9.70117613295328,62.0,38.0,0.012293564586337298
711,9.702477022698483,63.0,37.0,0.0013008897452033439
712,9.707282470585131,62.0,38.0,0.004805447886648174
713,9.712744551201883,63.0,37.0,0.00546208061675142
714,9.758598754084327,64.0,36.0,0.04585420288244271
715,9.775270246888066,65.0,35.0,0.01667149280373927
716,9.779679515641956,64.0,36.0,0.004409268753888619
717,9.803583634810025,63.0,37.0,0.023904119168069178
718,9.812417260651452,62.0,38.0,0.008833625841428246
719,9.832903822319887,61.0,39.0,0.020486561668434922
720,9.835010601056043,60.0,40.0,0.0021067787361568006
721,9.83637125435622,59.0,41.0,0.0013606533001762843
722,9.841374680746648,60.0,40.0,0.005003426390429202
723,9.846856632644164,61.0,39.0,0.005481951897515196
724,9.881737929885851,60.0,40.0,0.034881297241687606
725,9.938767458909355,59.0,41.0,0.057029529023504846
726,9.951757241534938,60.0,40.0,0.012989782625582567
727,9.97921125861052,61.0,39.0,0.027454017075582232
728,9.98051575438418,62.0,38.0,0.0013044957736605147
729,9.992369026671739,63.0,37.0,0.011853272287558822
730,9.99452914829098,62.0,38.0,0.0021601216192413063
731,10.002076532042581,63.0,37.0,0.007547383751601883
732,10.00497010452839,62.0,38.0,0.0028935724858090974
733,10.013764847298837,61.0,39.0,0.008794742770447209
734,10.0225004695963,62.0,38.0,0.008735622297462348
735,10.03073427047015,63.0,37.0,0.008233800873849886
736,10.041802741483416,64.0,36.0,0.011068471013264993
737,10.078616852629375,63.0,37.0,0.03681411114595945
738,10.083834454718653,64.0,36.0,0.0052176020892772
739,10.08867496015737,63.0,37.0,0.004840505438715727
740,10.097296207211974,62.0,38.0,0.00862124705460487
741,10.107335855734354,61.0,39.0,0.010039648522379102
742,10.120677057856142,60.0,40.0,0.013341202121788515
743,10.131051192289105,59.0,41.0,0.010374134432963433
744,10.138841588665294,60.0,40.0,0.0077903963761885445
745,10.143446499555694,59.0,41.0,0.004604910890400934
746,10.151841147487952,58.0,42.0,0.008394647932258878
747,10.156230823701838,59.0,41.0,0.004389676213885928
748,10.161502036746578,60.0,40.0,0.005271213044740188
749,10.161981089859438,61.0,39.0,0.00047905311285971263
750,10.167781863495895,62.0,38.0,0.005800773636457639
751,10.175109394877895,63.0,37.0,0.007327531381999168
