,0,1,2,3
0,0.0,90.0,10.0,0.0
1,0.0026781413782752147,89.0,11.0,0.0026781413782752147
2,0.0739500577885401,88.0,12.0,0.07127191641026488
3,0.14215007504916682,87.0,13.0,0.06820001726062672
4,0.1618809070482178,88.0,12.0,0.019730831999050985
5,0.20069395037129886,89.0,11.0,0.03881304332308106
6,0.24196353171111518,88.0,12.0,0.041269581339816314
7,0.24564838770878408,89.0,11.0,0.0036848559976688944
8,0.38522091666867275,88.0,12.0,0.1395725289598887
9,0.3857418736131883,87.0,13.0,0.0005209569445155321
10,0.40202122423051395,86.0,14.0,0.016279350617325647
11,0.46369801578282954,85.0,15.0,0.06167679155231559
12,0.46852690598528357,86.0,14.0,0.004828890202454031
13,0.470684377255485,87.0,13.0,0.0021574712702014426
14,0.5115502011215471,86.0,14.0,0.040865823866062176
15,0.5734485173944993,85.0,15.0,0.06189831627295212
16,0.586384882264684,86.0,14.0,0.012936364870184673
17,0.6171236106768522,85.0,15.0,0.030738728412168202
18,0.6391776339184972,84.0,16.0,0.022054023241645026
19,0.654097087133931,85.0,15.0,0.014919453215433804
20,0.6681925506747007,84.0,16.0,0.014095463540769718
21,0.6789926659983698,83.0,17.0,0.010800115323669089
22,0.6922324879045656,82.0,18.0,0.01323982190619577
23,0.6931149419957088,81.0,19.0,0.0008824540911431682
24,0.7733106040317009,80.0,20.0,0.08019566203599211
25,0.7822055950033828,79.0,21.0,0.008894990971681931
26,0.7975257609534956,78.0,22.0,0.015320165950112746
27,0.8022827361685321,77.0,23.0,0.004756975215036471
28,0.8180201156986177,76.0,24.0,0.015737379530085603
29,0.823598365800055,75.0,25.0,0.005578250101437264
30,0.826768313497868,76.0,24.0,0.0031699476978129812
31,0.8274954416982412,77.0,23.0,0.0007271282003732829
32,0.8387984914911282,76.0,24.0,0.01130304979288697
33,0.8558234953781922,77.0,23.0,0.017025003887064107
34,0.8665714202019122,76.0,24.0,0.01074792482372004
35,0.8816631960096197,77.0,23.0,0.015091775807707526
36,0.8870577983924414,78.0,22.0,0.005394602382821684
37,0.8968487897225157,77.0,23.0,0.009790991330074305
38,0.9043363569914654,76.0,24.0,0.007487567268949688
39,0.9056981066791818,75.0,25.0,0.0013617496877164012
40,0.9128789645864869,74.0,26.0,0.0071808579073050095
41,0.9217520455799801,75.0,25.0,0.008873080993493277
42,0.9294981009458916,76.0,24.0,0.007746055365911455
43,0.9297275276155289,77.0,23.0,0.00022942666963733858
44,0.9466113311319624,76.0,24.0,0.016883803516433465
45,0.9467355795902545,75.0,25.0,0.00012424845829211902
46,0.9480500009245333,74.0,26.0,0.001314421334278854
47,0.9636638464277888,75.0,25.0,0.015613845503255555
48,0.9661700787961303,76.0,24.0,0.002506232368341443
49,0.9662412915402377,75.0,25.0,7.121274410747919e-05
50,0.974729615594774,74.0,26.0,0.008488324054536263
51,0.9805694107995478,73.0,27.0,0.005839795204773838
52,0.9812044658919141,72.0,28.0,0.0006350550923662888
53,0.9850361676790533,71.0,29.0,0.003831701787139217
54,0.9910907302801055,70.0,30.0,0.006054562601052195
55,1.0337365192184422,71.0,29.0,0.042645788938336794
56,1.0433630936479672,70.0,30.0,0.009626574429525076
57,1.0638865059811637,71.0,29.0,0.02052341233319662
58,1.0928432302832705,70.0,30.0,0.028956724302106815
59,1.1017621457571525,71.0,29.0,0.008918915473882
60,1.124180495433205,72.0,28.0,0.02241834967605256
61,1.1347237651583604,73.0,27.0,0.01054326972515532
62,1.1433832501152528,72.0,28.0,0.00865948495689243
63,1.1544313181410546,71.0,29.0,0.011048068025801917
64,1.1605666213735581,72.0,28.0,0.006135303232503535
65,1.1869609138929433,71.0,29.0,0.026394292519385087
66,1.1906266474074167,70.0,30.0,0.0036657335144734487
67,1.1968016999352944,71.0,29.0,0.006175052527877714
68,1.2434274236711111,70.0,30.0,0.04662572373581673
69,1.2955619929047688,69.0,31.0,0.05213456923365768
70,1.3047313159461298,68.0,32.0,0.009169323041360911
71,1.3378027815924554,67.0,33.0,0.033071465646325654
72,1.3840367005005467,66.0,34.0,0.04623391890809135
73,1.3940853349490887,65.0,35.0,0.010048634448541998
74,1.3956194824503863,66.0,34.0,0.0015341475012975627
75,1.4278524556413166,65.0,35.0,0.03223297319093036
76,1.4400063190372265,64.0,36.0,0.01215386339590988
77,1.4597442944811958,63.0,37.0,0.019737975443969175
78,1.4688667919804725,64.0,36.0,0.009122497499276641
79,1.472077653513791,63.0,37.0,0.0032108615333184425
80,1.4750908647802614,62.0,38.0,0.003013211266470478
81,1.4951592174826316,61.0,39.0,0.020068352702370264
82,1.5045024703278982,62.0,38.0,0.00934325284526655
83,1.5072178648213905,63.0,37.0,0.0027153944934923614
84,1.5464606371686713,62.0,38.0,0.039242772347280845
85,1.5612217911742745,63.0,37.0,0.014761154005603154
86,1.5619749051115566,62.0,38.0,0.0007531139372821365
87,1.566999666867696,61.0,39.0,0.0050247617561394
88,1.5686980919591398,62.0,38.0,0.0016984250914438745
89,1.5800858872448544,61.0,39.0,0.01138779528571457
90,1.609573736067945,60.0,40.0,0.029487848823090617
91,1.626042705412322,59.0,41.0,0.016468969344377183
92,1.6405493847546855,60.0,40.0,0.014506679342363422
93,1.6406461769237295,59.0,41.0,9.679216904404908e-05
94,1.6639186411029423,60.0,40.0,0.023272464179212905
95,1.6654371473735081,61.0,39.0,0.00151850627056575
96,1.6800454633797486,60.0,40.0,0.014608316006240546
97,1.6870720623362336,61.0,39.0,0.007026598956484995
98,1.6946241848006232,62.0,38.0,0.007552122464389488
99,1.7030363488379965,61.0,39.0,0.008412164037373304
100,1.7059383713619691,60.0,40.0,0.002902022523972712
101,1.714497648836069,59.0,41.0,0.00855927747409996
102,1.7175490363324468,58.0,42.0,0.0030513874963776825
103,1.7260996957105097,57.0,43.0,0.008550659378062847
104,1.7542389365010587,56.0,44.0,0.028139240790548924
105,1.7592665336555515,57.0,43.0,0.005027597154492794
106,1.7615045395037041,58.0,42.0,0.0022380058481525225
107,1.7691351565642042,57.0,43.0,0.0076306170605001085
108,1.795724388941213,58.0,42.0,0.02658923237700871
109,1.8149976045866765,57.0,43.0,0.019273215645463523
110,1.8154727624745939,58.0,42.0,0.00047515788791730053
111,1.8623287736023932,59.0,41.0,0.0468560111277994
112,1.86405484464372,58.0,42.0,0.0017260710413267888
113,1.8921267921263387,57.0,43.0,0.028071947482618775
114,1.914275854005187,56.0,44.0,0.022149061878848336
115,1.938067706994458,57.0,43.0,0.0237918529892712
116,1.950197232539315,56.0,44.0,0.012129525544856945
117,1.9716234052705968,55.0,45.0,0.021426172731281695
118,1.9755412162426087,54.0,46.0,0.00391781097201188
119,1.9839828519403682,55.0,45.0,0.008441635697759568
120,1.9847200986993971,56.0,44.0,0.0007372467590289893
121,1.9886903085002918,55.0,45.0,0.003970209800894588
122,1.995297506308852,56.0,44.0,0.006607197808560156
123,2.0131897211135104,57.0,43.0,0.01789221480465838
124,2.0198512760495833,56.0,44.0,0.00666155493607273
125,2.0436360683674404,57.0,43.0,0.02378479231785705
126,2.0451485588512077,58.0,42.0,0.001512490483767141
127,2.0523930041354075,59.0,41.0,0.00724444528419982
128,2.0645823689890612,60.0,40.0,0.012189364853653744
129,2.079670033700918,61.0,39.0,0.015087664711856867
130,2.0815908385462882,62.0,38.0,0.0019208048453698584
131,2.0872962707885554,63.0,37.0,0.005705432242267122
132,2.0986898373539438,62.0,38.0,0.011393566565388409
133,2.127774012604629,61.0,39.0,0.029084175250685334
134,2.1324900280327808,60.0,40.0,0.0047160154281519874
135,2.141611031764165,59.0,41.0,0.00912100373138412
136,2.1437908407974584,60.0,40.0,0.0021798090332934483
137,2.151472183327974,59.0,41.0,0.0076813425305156426
138,2.1672205042732378,60.0,40.0,0.015748320945263506
139,2.171041997751286,59.0,41.0,0.0038214934780479437
140,2.172119804677645,58.0,42.0,0.0010778069263591827
141,2.1817006488305526,59.0,41.0,0.009580844152907534
142,2.1831845175589475,60.0,40.0,0.0014838687283949678
143,2.189531507006494,59.0,41.0,0.006346989447546327
144,2.197123498238135,60.0,40.0,0.007591991231641484
145,2.197135846865284,59.0,41.0,1.2348627148825484e-05
146,2.2025196067720327,58.0,42.0,0.005383759906748917
147,2.2098868332333836,57.0,43.0,0.0073672264613510036
148,2.2170707331876516,58.0,42.0,0.007183899954267719
149,2.22163280832455,59.0,41.0,0.004562075136898453
150,2.228526392187606,60.0,40.0,0.006893583863056138
151,2.2300266380505156,59.0,41.0,0.00150024586290984
152,2.251912495710979,60.0,40.0,0.021885857660463352
153,2.2784052839842412,61.0,39.0,0.0264927882732623
154,2.279899552250658,62.0,38.0,0.001494268266416963
155,2.2914242558392695,61.0,39.0,0.011524703588611383
156,2.298535132667918,60.0,40.0,0.007110876828648785
157,2.3214304817480906,59.0,41.0,0.022895349080172364
158,2.3214754845336487,60.0,40.0,4.500278555828081e-05
159,2.331233648155323,61.0,39.0,0.009758163621674094
160,2.352086391320042,62.0,38.0,0.020852743164718975
161,2.352419045295708,61.0,39.0,0.0003326539756659607
162,2.3526113904505945,62.0,38.0,0.00019234515488685344
163,2.3560348080657496,63.0,37.0,0.0034234176151549866
164,2.3690373124192012,64.0,36.0,0.013002504353451457
165,2.376201589287108,65.0,35.0,0.007164276867906794
166,2.4054309248690235,64.0,36.0,0.029229335581915365
167,2.4185555614941423,65.0,35.0,0.013124636625118877
168,2.421939522820145,66.0,34.0,0.003383961326002726
169,2.4299732646369363,65.0,35.0,0.008033741816791125
170,2.439180833460542,64.0,36.0,0.00920756882360531
171,2.445147540884229,63.0,37.0,0.005966707423687309
172,2.459269080738774,62.0,38.0,0.014121539854545057
173,2.491987963779642,63.0,37.0,0.032718883040867924
174,2.499056800327829,64.0,36.0,0.007068836548186804
175,2.511547074861029,63.0,37.0,0.01249027453320032
176,2.5136846785748,64.0,36.0,0.002137603713770824
177,2.517385373947385,65.0,35.0,0.003700695372585059
178,2.534563019324686,64.0,36.0,0.017177645377301133
179,2.53658174747237,63.0,37.0,0.002018728147683867
180,2.5397488558857635,64.0,36.0,0.003167108413393135
181,2.561886559573758,63.0,37.0,0.0221377036879942
182,2.5729266632479226,62.0,38.0,0.011040103674164721
183,2.5802845677492257,63.0,37.0,0.007357904501303192
184,2.5989241422853127,64.0,36.0,0.01863957453608708
185,2.6113044302780173,65.0,35.0,0.012380287992704651
186,2.616226431569182,66.0,34.0,0.004922001291164796
187,2.6206256465502276,67.0,33.0,0.00439921498104573
188,2.6264677943160213,66.0,34.0,0.0058421477657935915
189,2.627908519178137,67.0,33.0,0.0014407248621159116
190,2.64612420716691,68.0,32.0,0.018215687988773217
191,2.6834919599304747,69.0,31.0,0.03736775276356441
192,2.691766625288465,68.0,32.0,0.00827466535799015
193,2.6936218999026287,67.0,33.0,0.0018552746141638227
194,2.7065318503539744,66.0,34.0,0.012909950451345643
195,2.71830654219092,65.0,35.0,0.011774691836945567
196,2.7192663367296612,64.0,36.0,0.000959794538741427
197,2.7251483107916674,65.0,35.0,0.005881974062006367
198,2.7438708133962533,66.0,34.0,0.018722502604585856
199,2.7441153441238026,67.0,33.0,0.0002445307275495423
200,2.763500894599515,68.0,32.0,0.019385550475712124
201,2.7703285370890294,67.0,33.0,0.006827642489514568
202,2.8234807153489836,68.0,32.0,0.053152178259954365
203,2.827232871715928,67.0,33.0,0.003752156366944052
204,2.8573860899700474,68.0,32.0,0.03015321825411941
205,2.8767330771727395,67.0,33.0,0.01934698720269193
206,2.8771661500982892,66.0,34.0,0.0004330729255495181
207,2.889434111310315,65.0,35.0,0.012267961212025384
208,2.91910878072285,64.0,36.0,0.029674669412535368
209,2.929509635288334,65.0,35.0,0.010400854565483798
210,2.933284745830284,66.0,34.0,0.0037751105419502654
211,2.9355304241324975,67.0,33.0,0.0022456783022132307
212,2.9409454161651833,68.0,32.0,0.005414992032685876
213,2.9808249624574654,67.0,33.0,0.039879546292281985
214,2.983935030836576,68.0,32.0,0.003110068379110653
215,2.9848951145029146,69.0,31.0,0.0009600836663383907
216,2.9853054666908263,70.0,30.0,0.0004103521879119002
217,3.0073611662573687,71.0,29.0,0.022055699566542516
218,3.020862652343424,70.0,30.0,0.01350148608605518
219,3.031156326987835,69.0,31.0,0.010293674644411492
220,3.045128331436582,68.0,32.0,0.013972004448746595
221,3.0463822431468404,67.0,33.0,0.0012539117102586047
222,3.057652734920423,66.0,34.0,0.011270491773582978
223,3.0578871557287592,67.0,33.0,0.0002344208083359274
224,3.066542791718835,66.0,34.0,0.00865563599007596
225,3.070721061897192,67.0,33.0,0.004178270178357004
226,3.0829488857759535,66.0,34.0,0.01222782387876144
227,3.0861735011453404,67.0,33.0,0.003224615369387024
228,3.100230744029413,66.0,34.0,0.014057242884072582
229,3.1005088241926217,65.0,35.0,0.0002780801632086004
230,3.1039837725309694,66.0,34.0,0.003474948338347576
231,3.1263538215181486,65.0,35.0,0.02237004898717939
232,3.1270169201208136,66.0,34.0,0.0006630986026651281
233,3.139926143486156,67.0,33.0,0.012909223365342462
234,3.140790626697281,66.0,34.0,0.000864483211125482
235,3.154589899875211,65.0,35.0,0.013799273177929876
236,3.1583416424735504,66.0,34.0,0.0037517425983395244
237,3.1591283395584067,65.0,35.0,0.0007866970848561712
238,3.1640862670111454,66.0,34.0,0.00495792745273861
239,3.1772784636047144,65.0,35.0,0.013192196593569173
240,3.1779657265299064,64.0,36.0,0.0006872629251921034
241,3.2243171810211693,65.0,35.0,0.046351454491263044
242,3.2264194283251655,64.0,36.0,0.002102247303996027
243,3.2274248239416248,63.0,37.0,0.001005395616459389
244,3.2388112094971193,62.0,38.0,0.011386385555494332
245,3.2584121886573882,61.0,39.0,0.01960097916026872
246,3.259885909385121,60.0,40.0,0.0014737207277329286
247,3.267867375951358,61.0,39.0,0.007981466566236876
248,3.276284114806095,62.0,38.0,0.008416738854736842
249,3.2902865553796494,63.0,37.0,0.014002440573554422
250,3.296349699834868,62.0,38.0,0.0060631444552186504
251,3.297231019676282,63.0,37.0,0.0008813198414137095
252,3.307228058083473,64.0,36.0,0.009997038407191138
253,3.337351449306805,63.0,37.0,0.03012339122333195
254,3.3763822520333644,64.0,36.0,0.039030802726559496
255,3.3919305396458213,63.0,37.0,0.015548287612456649
256,3.3962383994418297,62.0,38.0,0.004307859796008602
257,3.4326158638338033,61.0,39.0,0.036377464391973646
258,3.4549290101434957,60.0,40.0,0.022313146309692257
259,3.4700161064370607,61.0,39.0,0.015087096293564944
260,3.483205066093731,60.0,40.0,0.013188959656670277
261,3.4833983858413817,59.0,41.0,0.0001933197476508419
262,3.491895573003622,60.0,40.0,0.00849718716224004
263,3.4952678648236213,59.0,41.0,0.0033722918199995066
264,3.5015467903728332,58.0,42.0,0.00627892554921206
265,3.5018063044738077,57.0,43.0,0.0002595141009746597
266,3.5103840372380337,58.0,42.0,0.008577732764226152
267,3.5263470830454535,59.0,41.0,0.015963045807419605
268,3.5342099926612485,58.0,42.0,0.007862909615794932
269,3.582086007649244,59.0,41.0,0.0478760149879955
270,3.587605140681224,60.0,40.0,0.005519133031979983
271,3.588793679812284,61.0,39.0,0.0011885391310602234
272,3.6066537603922115,60.0,40.0,0.017860080579927218
273,3.6086405289068724,59.0,41.0,0.0019867685146609613
274,3.6097723444319114,58.0,42.0,0.0011318155250391252
275,3.6199483028715944,57.0,43.0,0.010175958439683013
276,3.6239361992910846,58.0,42.0,0.003987896419490136
277,3.6480402884040086,57.0,43.0,0.02410408911292425
278,3.6638284768450227,58.0,42.0,0.015788188441013897
279,3.6869486397192186,59.0,41.0,0.02312016287419587
280,3.6885619182562106,60.0,40.0,0.001613278536991817
281,3.7026336750387894,59.0,41.0,0.0140717567825788
282,3.7042879716806625,58.0,42.0,0.0016542966418729207
283,3.707299536568179,57.0,43.0,0.003011564887516744
284,3.7374450422122174,56.0,44.0,0.030145505644038215
285,3.7381981591330864,55.0,45.0,0.0007531169208689081
286,3.7467081252773897,54.0,46.0,0.008509966144303138
287,3.753600778656109,55.0,45.0,0.006892653378719259
288,3.797842700339051,56.0,44.0,0.04424192168294198
289,3.8147881186456214,57.0,43.0,0.016945418306570325
290,3.8257726209362577,56.0,44.0,0.010984502290636359
291,3.827901080175951,55.0,45.0,0.0021284592396931916
292,3.8294648889541625,56.0,44.0,0.0015638087782115053
293,3.8310201861597863,55.0,45.0,0.0015552972056239918
294,3.8312782663765437,56.0,44.0,0.00025808021675711074
295,3.8391735977849857,57.0,43.0,0.007895331408442155
296,3.8442195461682473,58.0,42.0,0.005045948383261728
297,3.8544406757046787,57.0,43.0,0.010221129536431199
298,3.877171852090895,56.0,44.0,0.02273117638621609
299,3.8818776117400158,55.0,45.0,0.004705759649120709
300,3.904796280260687,54.0,46.0,0.022918668520671013
301,3.9152878057019658,55.0,45.0,0.010491525441278833
302,3.919539082411153,54.0,46.0,0.004251276709187294
303,3.9198787348295068,53.0,47.0,0.0003396524183538221
304,3.9382436103071274,54.0,46.0,0.01836487547762062
305,3.9385280874935176,55.0,45.0,0.000284477186390197
306,3.9495214141268593,54.0,46.0,0.010993326633341597
307,3.9552429280102523,53.0,47.0,0.005721513883393242
308,3.96262678980554,52.0,48.0,0.007383861795287367
309,3.9646200522802113,51.0,49.0,0.0019932624746715377
310,3.9778276826189973,50.0,50.0,0.013207630338786122
311,3.9895071190494016,51.0,49.0,0.011679436430404476
312,3.9917795269190455,50.0,50.0,0.002272407869644009
313,3.9973083705087893,49.0,51.0,0.005528843589743679
314,4.005210907454066,50.0,50.0,0.00790253694527607
315,4.006087887278863,49.0,51.0,0.000876979824797324
316,4.038991400822599,50.0,50.0,0.03290351354373614
317,4.039433595669711,51.0,49.0,0.0004421948471112207
318,4.049154953218807,50.0,50.0,0.00972135754909561
319,4.070292368989184,49.0,51.0,0.021137415770377848
320,4.086842830157047,50.0,50.0,0.016550461167862515
321,4.098481325128388,49.0,51.0,0.011638494971340414
322,4.143754569901722,50.0,50.0,0.045273244773334054
323,4.162053386716024,49.0,51.0,0.018298816814302038
324,4.163910661600051,48.0,52.0,0.0018572748840268397
325,4.175999031039683,47.0,53.0,0.01208836943963175
326,4.200510358956221,46.0,54.0,0.024511327916537432
327,4.204015608839118,47.0,53.0,0.0035052498828967524
328,4.207858632034571,48.0,52.0,0.0038430231954533927
329,4.223174729428802,47.0,53.0,0.015316097394230855
330,4.22496060136459,46.0,54.0,0.001785871935788713
331,4.239180008082479,45.0,55.0,0.014219406717888107
332,4.247241847699741,46.0,54.0,0.00806183961726277
333,4.284043742638182,47.0,53.0,0.03680189493844036
334,4.289108664908101,48.0,52.0,0.005064922269918884
335,4.292262336230134,49.0,51.0,0.003153671322033857
336,4.297001902831502,50.0,50.0,0.004739566601367152
337,4.342787256254697,51.0,49.0,0.04578535342319478
338,4.344850018785548,52.0,48.0,0.00206276253085111
339,4.369394814554463,51.0,49.0,0.024544795768914236
340,4.3862678013300895,52.0,48.0,0.016872986775626504
341,4.40206383390575,53.0,47.0,0.01579603257566013
342,4.41286654834006,52.0,48.0,0.010802714434310039
343,4.413010537811303,53.0,47.0,0.0001439894712433065
344,4.4167548499576315,54.0,46.0,0.003744312146328805
345,4.494625970549617,55.0,45.0,0.07787112059198498
346,4.500808095632427,54.0,46.0,0.006182125082809734
347,4.508639510912786,53.0,47.0,0.00783141528035976
348,4.510056559627739,54.0,46.0,0.0014170487149532532
349,4.5153555142012545,53.0,47.0,0.005298954573515209
350,4.523571366955101,54.0,46.0,0.008215852753847204
351,4.5392421218690835,55.0,45.0,0.015670754913982194
352,4.572382100388749,54.0,46.0,0.03313997851966535
353,4.575055016520709,53.0,47.0,0.0026729161319602756
354,4.577227886129752,54.0,46.0,0.002172869609043144
355,4.590091667436281,53.0,47.0,0.012863781306528103
356,4.597451312600697,52.0,48.0,0.007359645164416027
357,4.603634936681883,53.0,47.0,0.006183624081186102
358,4.622215714763049,54.0,46.0,0.018580778081166562
359,4.624490215329675,55.0,45.0,0.0022745005666256093
360,4.624848766352294,56.0,44.0,0.0003585510226186554
361,4.631077287966625,57.0,43.0,0.006228521614331704
362,4.686588044139452,56.0,44.0,0.05551075617282623
363,4.689455875132389,55.0,45.0,0.002867830992937962
364,4.704999254633382,54.0,46.0,0.015543379500992448
365,4.724401694049839,53.0,47.0,0.01940243941645694
366,4.769775225595194,52.0,48.0,0.045373531545355325
367,4.772804560940881,53.0,47.0,0.003029335345687303
368,4.77804230081101,54.0,46.0,0.005237739870128897
369,4.784775163155415,55.0,45.0,0.006732862344404784
370,4.7966786180356715,54.0,46.0,0.011903454880256513
371,4.811680624718181,55.0,45.0,0.015002006682509193
372,4.812946343883315,54.0,46.0,0.0012657191651333196
373,4.8136500215856275,55.0,45.0,0.0007036777023125914
374,4.823682804878894,54.0,46.0,0.01003278329326653
375,4.8239301103899095,55.0,45.0,0.00024730551101538156
376,4.826023989540581,54.0,46.0,0.0020938791506721318
377,4.833561427107072,55.0,45.0,0.00753743756649075
378,4.84333349400814,56.0,44.0,0.009772066901067732
379,4.854766520840501,57.0,43.0,0.011433026832361068
380,4.856992357189898,56.0,44.0,0.002225836349397413
381,4.859379537111638,55.0,45.0,0.0023871799217401904
382,4.8671002833696715,56.0,44.0,0.007720746258033503
383,4.8940267887974755,55.0,45.0,0.026926505427803685
384,4.926124722993439,56.0,44.0,0.03209793419596387
385,4.928593840423764,55.0,45.0,0.002469117430324908
386,4.932623864972828,54.0,46.0,0.004030024549063983
387,4.935746676569979,55.0,45.0,0.0031228115971502365
388,4.945538080710448,54.0,46.0,0.009791404140469744
389,4.959426320837027,53.0,47.0,0.013888240126578832
390,4.977300223818097,52.0,48.0,0.017873902981070288
391,4.979099857818869,51.0,49.0,0.0017996340007719988
392,4.993124227914592,50.0,50.0,0.01402437009572262
393,4.993395979975742,51.0,49.0,0.0002717520611500234
394,5.00173553575856,52.0,48.0,0.008339555782818716
395,5.002945035844631,53.0,47.0,0.0012095000860704176
396,5.0387390435386425,52.0,48.0,0.03579400769401185
397,5.044459982580854,53.0,47.0,0.005720939042210916
398,5.046625491317538,54.0,46.0,0.00216550873668419
399,5.056121066103454,53.0,47.0,0.009495574785915822
400,5.0637970536906955,52.0,48.0,0.007675987587241286
401,5.0685879290835905,51.0,49.0,0.004790875392895135
402,5.071576917074418,52.0,48.0,0.002988987990827342
403,5.081037914950014,53.0,47.0,0.009460997875595959
404,5.09128393568168,54.0,46.0,0.010246020731666913
405,5.09355827971168,55.0,45.0,0.0022743440299999597
406,5.107950084611771,54.0,46.0,0.014391804900090129
407,5.117909776497027,53.0,47.0,0.009959691885256394
408,5.118505641210622,52.0,48.0,0.0005958647135955537
409,5.138418784229927,51.0,49.0,0.019913143019305114
410,5.142207334076596,50.0,50.0,0.003788549846668879
411,5.146874423501059,49.0,51.0,0.004667089424462614
412,5.167909254196828,48.0,52.0,0.02103483069576906
413,5.190060148783746,49.0,51.0,0.022150894586918025
414,5.207974293104715,48.0,52.0,0.017914144320968647
415,5.215291042817971,47.0,53.0,0.007316749713256684
416,5.241306530160628,46.0,54.0,0.02601548734265717
417,5.242809079953575,45.0,55.0,0.0015025497929467325
418,5.247140274772738,46.0,54.0,0.004331194819163514
419,5.248529841575353,47.0,53.0,0.0013895668026152287
420,5.253659523147018,48.0,52.0,0.005129681571664978
421,5.253760963289636,49.0,51.0,0.00010144014261856154
422,5.269639073395993,50.0,50.0,0.015878110106357157
423,5.2769195869785746,51.0,49.0,0.00728051358258113
424,5.302622583325893,50.0,50.0,0.025702996347318437
425,5.3115658794197715,51.0,49.0,0.0089432960938786
426,5.3147310046429705,52.0,48.0,0.0031651252231988743
427,5.323426924714085,53.0,47.0,0.008695920071114974
428,5.329821982581951,52.0,48.0,0.0063950578678657445
429,5.334442689726634,51.0,49.0,0.004620707144683547
430,5.350944500258347,52.0,48.0,0.016501810531712985
431,5.357884482343424,53.0,47.0,0.006939982085077321
432,5.377076232164931,54.0,46.0,0.01919174982150635
433,5.378822190509652,53.0,47.0,0.0017459583447217068
434,5.381114666280537,54.0,46.0,0.0022924757708842943
435,5.387567796476785,53.0,47.0,0.0064531301962481025
436,5.401486071644459,52.0,48.0,0.013918275167674023
437,5.405775471615989,51.0,49.0,0.004289399971530311
438,5.430589416983354,50.0,50.0,0.02481394536736458
439,5.440211900677012,49.0,51.0,0.009622483693657568
440,5.441608147527239,50.0,50.0,0.0013962468502270976
441,5.453754568153135,51.0,49.0,0.012146420625896704
442,5.46889118098136,52.0,48.0,0.015136612828224311
443,5.476506605501714,51.0,49.0,0.007615424520354697
444,5.503369813379192,50.0,50.0,0.02686320787747754
445,5.513666387367178,49.0,51.0,0.010296573987986193
446,5.573596784808946,50.0,50.0,0.05993039744176773
447,5.576428316181059,49.0,51.0,0.0028315313721132772
448,5.596432319427236,50.0,50.0,0.020004003246176617
449,5.607525774291232,51.0,49.0,0.011093454863995766
450,5.607699921967681,50.0,50.0,0.00017414767644895898
451,5.609698793771872,51.0,49.0,0.001998871804191303
452,5.620290733264727,52.0,48.0,0.010591939492854512
453,5.656278738645813,53.0,47.0,0.0359880053810866
454,5.677644583782012,52.0,48.0,0.02136584513619877
455,5.6807244149553044,51.0,49.0,0.003079831173292084
456,5.710893849707779,50.0,50.0,0.03016943475247501
457,5.712615131980922,49.0,51.0,0.0017212822731429009
458,5.71485795497,48.0,52.0,0.002242822989078248
459,5.718429198379341,47.0,53.0,0.0035712434093408485
460,5.726245592321585,48.0,52.0,0.007816393942244003
461,5.730702174565035,49.0,51.0,0.004456582243450156
462,5.731687348102175,48.0,52.0,0.0009851735371392812
463,5.737759704195699,49.0,51.0,0.0060723560935237175
464,5.746579890489503,48.0,52.0,0.008820186293804757
465,5.757437820543304,49.0,51.0,0.010857930053800752
466,5.759397553380277,48.0,52.0,0.0019597328369730326
467,5.779277607992361,47.0,53.0,0.01988005461208461
468,5.781019720097538,48.0,52.0,0.0017421121051770794
469,5.791687419603767,49.0,51.0,0.01066769950622932
470,5.803705920647209,48.0,52.0,0.01201850104344215
471,5.822955051590208,47.0,53.0,0.0192491309429989
472,5.829100783826807,46.0,54.0,0.006145732236599077
473,5.835353421674303,47.0,53.0,0.006252637847495939
474,5.843916068457872,48.0,52.0,0.008562646783569633
475,5.848527085942764,47.0,53.0,0.004611017484891859
476,5.872816001261097,48.0,52.0,0.024288915318333677
477,5.884629540407192,47.0,53.0,0.011813539146094986
478,5.927491687370968,46.0,54.0,0.042862146963775716
479,5.953913629780796,47.0,53.0,0.02642194240982818
480,5.961404460268231,48.0,52.0,0.00749083048743396
481,5.9654463175845605,49.0,51.0,0.004041857316329863
482,5.967032481368579,50.0,50.0,0.0015861637840189956
483,5.971272229023871,51.0,49.0,0.004239747655291956
484,5.986200067034626,52.0,48.0,0.01492783801075513
485,5.994746055942461,51.0,49.0,0.008545988907834243
486,6.000567019471108,52.0,48.0,0.005820963528647236
487,6.006104950777618,53.0,47.0,0.00553793130651057
488,6.00724497148768,52.0,48.0,0.001140020710061937
489,6.026406048234094,53.0,47.0,0.019161076746413777
490,6.02824957166622,52.0,48.0,0.0018435234321261607
491,6.031388412610035,51.0,49.0,0.003138840943814884
492,6.034860012779139,52.0,48.0,0.0034716001691040316
493,6.048911401301615,53.0,47.0,0.014051388522476253
494,6.05400521614738,54.0,46.0,0.005093814845764314
495,6.071484154207509,53.0,47.0,0.017478938060128398
496,6.07455811859957,52.0,48.0,0.0030739643920610657
497,6.078541281501871,51.0,49.0,0.003983162902301399
498,6.08354186021993,52.0,48.0,0.0050005787180588636
499,6.09529481024105,53.0,47.0,0.01175295002112019
500,6.132470789279816,54.0,46.0,0.03717597903876631
501,6.161333834705899,55.0,45.0,0.028863045426083138
502,6.173839195976028,56.0,44.0,0.012505361270129696
503,6.186300616916468,57.0,43.0,0.01246142094044026
504,6.192722903996894,58.0,42.0,0.006422287080425587
505,6.196838655504543,57.0,43.0,0.004115751507648721
506,6.204271229366256,58.0,42.0,0.007432573861713066
507,6.229037845264186,57.0,43.0,0.024766615897929396
508,6.258720403268852,56.0,44.0,0.029682558004666706
509,6.268371160042144,55.0,45.0,0.009650756773291648
510,6.284818444432418,56.0,44.0,0.016447284390274715
511,6.323008999683578,55.0,45.0,0.03819055525115983
512,6.334949076947941,54.0,46.0,0.011940077264363016
513,6.339935530427538,53.0,47.0,0.004986453479596998
514,6.362099956676687,52.0,48.0,0.022164426249148644
515,6.368386562559403,53.0,47.0,0.0062866058827159505
516,6.373914406772329,52.0,48.0,0.0055278442129262865
517,6.3759979102721935,53.0,47.0,0.0020835034998651237
518,6.390854288725723,52.0,48.0,0.014856378453529393
519,6.3985649632030865,53.0,47.0,0.0077106744773630465
520,6.399369576444566,52.0,48.0,0.0008046132414795606
521,6.399426562196293,51.0,49.0,5.698575172717244e-05
522,6.405374240628977,52.0,48.0,0.0059476784326839794
523,6.411724700195456,51.0,49.0,0.006350459566478694
524,6.45124190014622,52.0,48.0,0.039517199950764116
525,6.461967283314097,51.0,49.0,0.01072538316787701
526,6.475100773144002,52.0,48.0,0.013133489829904832
527,6.477143715157401,53.0,47.0,0.0020429420133993466
528,6.481066646232202,54.0,46.0,0.003922931074801347
529,6.492310673677235,55.0,45.0,0.011244027445032152
530,6.509217668043135,54.0,46.0,0.016906994365900655
531,6.509866495115085,53.0,47.0,0.0006488270719496862
532,6.523519872676463,54.0,46.0,0.013653377561378672
533,6.535037255244129,53.0,47.0,0.011517382567665602
534,6.542447154459458,54.0,46.0,0.007409899215329215
535,6.543857814123871,53.0,47.0,0.0014106596644126027
536,6.5640121607305515,54.0,46.0,0.020154346606680494
537,6.571366541291402,55.0,45.0,0.007354380560850696
538,6.581469412344017,54.0,46.0,0.010102871052614766
539,6.5893772097439,53.0,47.0,0.00790779739988372
540,6.603486436499211,52.0,48.0,0.01410922675531116
541,6.614100307489132,51.0,49.0,0.010613870989920112
542,6.61809184885669,52.0,48.0,0.0039915413675592
543,6.62838798163521,53.0,47.0,0.010296132778518787
544,6.629916176106336,54.0,46.0,0.0015281944711270357
545,6.640881045802193,53.0,47.0,0.010964869695857173
546,6.641535733532149,54.0,46.0,0.0006546877299559353
547,6.691841465130518,55.0,45.0,0.05030573159836951
548,6.704182236575264,56.0,44.0,0.012340771444745758
549,6.721123646152526,57.0,43.0,0.01694140957726211
550,6.733391676943446,58.0,42.0,0.012268030790920936
551,6.734048666964919,57.0,43.0,0.0006569900214731227
552,6.7340937265471625,56.0,44.0,4.505958224290624e-05
553,6.735071516056632,57.0,43.0,0.0009777895094690914
554,6.769336653137225,58.0,42.0,0.03426513708059336
555,6.77939247235891,59.0,41.0,0.010055819221684506
556,6.785567342490913,58.0,42.0,0.006174870132003438
557,6.79200494934811,57.0,43.0,0.006437606857196771
558,6.79432569323133,58.0,42.0,0.0023207438832202527
559,6.802531821440493,57.0,43.0,0.008206128209163185
560,6.8135025469864825,56.0,44.0,0.010970725545989948
561,6.820791947462105,57.0,43.0,0.00728940047562242
562,6.828988590891472,56.0,44.0,0.008196643429366846
563,6.829991581424423,57.0,43.0,0.0010029905329517574
564,6.840573916062894,58.0,42.0,0.010582334638471252
565,6.861524850956088,57.0,43.0,0.020950934893193815
566,6.86203997830883,56.0,44.0,0.0005151273527414185
567,6.896016668421165,57.0,43.0,0.033976690112335596
568,6.904089572166413,56.0,44.0,0.008072903745247925
569,6.905024293140258,55.0,45.0,0.0009347209738448292
570,6.923895592230269,56.0,44.0,0.018871299090011517
571,6.929819032274724,57.0,43.0,0.005923440044455312
572,6.931021474176638,58.0,42.0,0.0012024419019134704
573,6.936300265298738,59.0,41.0,0.005278791122099968
574,6.951672542024788,58.0,42.0,0.015372276726049931
575,6.961296375938198,57.0,43.0,0.009623833913409714
576,6.9756410766358945,58.0,42.0,0.014344700697696597
577,6.988179284177674,57.0,43.0,0.01253820754177941
578,7.003376434205424,56.0,44.0,0.015197150027750253
579,7.006213716889127,55.0,45.0,0.002837282683703951
580,7.007301248229522,56.0,44.0,0.0010875313403948532
581,7.030171869884465,57.0,43.0,0.022870621654942754
582,7.037974790757425,58.0,42.0,0.007802920872960163
583,7.039518727143881,57.0,43.0,0.00154393638645616
584,7.045184017587122,56.0,44.0,0.005665290443241009
585,7.0460485287655406,55.0,45.0,0.0008645111784183904
586,7.078440049728723,54.0,46.0,0.03239152096318199
587,7.096975801120482,53.0,47.0,0.01853575139175957
588,7.096995383280206,52.0,48.0,1.9582159724171084e-05
589,7.098718496492528,53.0,47.0,0.0017231132123211304
590,7.113779517375951,52.0,48.0,0.01506102088342309
591,7.134485890910289,51.0,49.0,0.020706373534338098
592,7.137871315118557,50.0,50.0,0.0033854242082672296
593,7.141228314592478,49.0,51.0,0.003356999473921168
594,7.155976567149646,48.0,52.0,0.014748252557168046
595,7.159329684332503,49.0,51.0,0.0033531171828566774
596,7.164655224450152,50.0,50.0,0.005325540117648556
597,7.177208888483364,51.0,49.0,0.012553664033211797
598,7.179703284599671,50.0,50.0,0.002494396116307323
599,7.18004492557083,49.0,51.0,0.0003416409711597015
600,7.183731230806171,48.0,52.0,0.003686305235340902
601,7.189689681077049,47.0,53.0,0.005958450270878136
602,7.215688273700186,48.0,52.0,0.02599859262313711
603,7.221219062739492,47.0,53.0,0.005530789039306185
604,7.254260763786637,46.0,54.0,0.03304170104714432
605,7.258900692795932,47.0,53.0,0.004639929009295267
606,7.262437628351377,46.0,54.0,0.003536935555445365
607,7.263306247954339,45.0,55.0,0.0008686196029613116
608,7.275443210943624,46.0,54.0,0.01213696298928428
609,7.283173482697773,45.0,55.0,0.007730271754149284
610,7.28946709862168,44.0,56.0,0.006293615923906552
611,7.296843181201783,43.0,57.0,0.007376082580103035
612,7.305147535614129,44.0,56.0,0.00830435441234529
613,7.312890234862475,43.0,57.0,0.007742699248345801
614,7.314448749754431,44.0,56.0,0.001558514891955501
615,7.342245958296908,45.0,55.0,0.02779720854247676
616,7.342360795229595,44.0,56.0,0.00011483693268761807
617,7.349887829668931,43.0,57.0,0.007527034439335688
618,7.39936328024073,42.0,58.0,0.049475450571799265
619,7.42064358493421,43.0,57.0,0.021280304693479718
620,7.4361052417689155,42.0,58.0,0.015461656834705512
621,7.448992744278018,43.0,57.0,0.012887502509102445
622,7.454657129097786,44.0,56.0,0.005664384819767147
623,7.458303501886604,43.0,57.0,0.0036463727888178875
624,7.481287283556057,42.0,58.0,0.022983781669452988
625,7.498774657239367,43.0,57.0,0.017487373683310103
626,7.506586502867251,42.0,58.0,0.007811845627884471
627,7.535212029797902,41.0,59.0,0.028625526930650777
628,7.543529809055812,42.0,58.0,0.008317779257909741
629,7.5553007774445184,41.0,59.0,0.011770968388706728
630,7.557219520358031,40.0,60.0,0.001918742913512574
631,7.559560544381917,41.0,59.0,0.0023410240238850334
632,7.564015290207808,40.0,60.0,0.004454745825892109
633,7.570157778019624,41.0,59.0,0.006142487811815236
634,7.57347078137121,40.0,60.0,0.003313003351586361
635,7.5762207623007445,39.0,61.0,0.0027499809295346033
636,7.603110006438322,38.0,62.0,0.02688924413757738
637,7.6191110221472655,37.0,63.0,0.01600101570894332
638,7.61985382139773,38.0,62.0,0.0007427992504645596
639,7.630417009444181,37.0,63.0,0.010563188046450366
640,7.636364905921092,36.0,64.0,0.005947896476911675
641,7.637075166630935,37.0,63.0,0.0007102607098428635
642,7.644199814661019,38.0,62.0,0.007124648030083945
643,7.644422849684495,37.0,63.0,0.00022303502347548507
644,7.64608290491675,36.0,64.0,0.001660055232255059
645,7.6559462468090995,37.0,63.0,0.009863341892349114
646,7.657939051193814,36.0,64.0,0.0019928043847144616
647,7.672465652180439,35.0,65.0,0.014526600986624645
648,7.675322350891727,34.0,66.0,0.0028566987112873974
649,7.675643468450349,35.0,65.0,0.00032111755862184913
650,7.676482208427205,36.0,64.0,0.0008387399768562254
651,7.68153851286653,35.0,65.0,0.005056304439325443
652,7.691397203575617,36.0,64.0,0.009858690709086402
653,7.69562348269029,37.0,63.0,0.004226279114672364
654,7.7073693717823515,38.0,62.0,0.01174588909206135
655,7.713263095346291,39.0,61.0,0.005893723563940127
656,7.719517370975023,40.0,60.0,0.0062542756287317786
657,7.727273498414924,41.0,59.0,0.00775612743990105
658,7.73225427748337,40.0,60.0,0.0049807790684463366
659,7.73774650158404,41.0,59.0,0.005492224100669797
660,7.74176749472122,42.0,58.0,0.0040209931371802616
661,7.743697977642267,43.0,57.0,0.0019304829210465453
662,7.746717877815709,42.0,58.0,0.003019900173442477
663,7.751666063983802,41.0,59.0,0.004948186168092789
664,7.752555583982334,40.0,60.0,0.0008895199985316274
665,7.755469347537657,41.0,59.0,0.002913763555323221
666,7.758885257871479,40.0,60.0,0.0034159103338223915
667,7.778141684349243,41.0,59.0,0.019256426477763683
668,7.787229591761489,42.0,58.0,0.009087907412246118
669,7.799919983030032,43.0,57.0,0.012690391268543122
670,7.809631785935856,44.0,56.0,0.009711802905824745
671,7.817493228519035,45.0,55.0,0.007861442583177967
672,7.822387471415988,46.0,54.0,0.004894242896953191
673,7.824162156700011,47.0,53.0,0.0017746852840227316
674,7.826995503323615,48.0,52.0,0.0028333466236040786
675,7.860856178903367,49.0,51.0,0.033860675579751545
676,7.8745632050958605,48.0,52.0,0.013707026192493978
677,7.891702930946401,49.0,51.0,0.017139725850540553
678,7.940301009469834,50.0,50.0,0.04859807852343262
679,7.941588905734549,49.0,51.0,0.0012878962647155032
680,7.94678100705095,48.0,52.0,0.005192101316400773
681,7.96223954251543,47.0,53.0,0.01545853546448024
682,7.963457371210426,48.0,52.0,0.0012178286949961813
683,7.967207592736825,49.0,51.0,0.0037502215263989593
684,7.972349486033555,50.0,50.0,0.005141893296730305
685,7.9739782763877125,49.0,51.0,0.0016287903541575928
686,7.98609080910763,48.0,52.0,0.012112532719917463
687,7.989260858748854,47.0,53.0,0.0031700496412241244
688,7.989630948648897,46.0,54.0,0.00037008990004296023
689,8.006300440012064,45.0,55.0,0.01666949136316644
690,8.025960143056114,46.0,54.0,0.019659703044050684
691,8.0332259400946,47.0,53.0,0.007265797038485908
692,8.033300845913018,48.0,52.0,7.490581841841964e-05
693,8.034693450049282,47.0,53.0,0.0013926041362638292
694,8.047363074314703,48.0,52.0,0.012669624265419798
695,8.05423385022673,47.0,53.0,0.00687077591202697
696,8.08017616455578,46.0,54.0,0.025942314329050496
697,8.093352682366199,45.0,55.0,0.013176517810418075
698,8.0951462253588,44.0,56.0,0.0017935429926005456
699,8.095561550070919,43.0,57.0,0.0004153247121184776
700,8.096067379562585,44.0,56.0,0.0005058294916668325
701,8.112022735937021,43.0,57.0,0.015955356374435452
702,8.120259434539989,44.0,56.0,0.00823669860296849
703,8.125688332382358,43.0,57.0,0.0054288978423703066
704,8.12833083942029,44.0,56.0,0.002642507037932249
705,8.128808701748866,43.0,57.0,0.00047786232857676076
706,8.133088247326135,44.0,56.0,0.004279545577268267
707,8.134983597974406,45.0,55.0,0.0018953506482704877
708,8.148831915958407,46.0,54.0,0.013848317984001468
709,8.149622260517852,47.0,53.0,0.0007903445594444412
710,8.153293680617395,48.0,52.0,0.00367142009954317
711,8.157212442074222,47.0,53.0,0.0039187614568261765
712,8.162995335691098,46.0,54.0,0.00578289361687557
713,8.170240110481231,45.0,55.0,0.007244774790132425
714,8.201806895450904,44.0,56.0,0.03156678496967247
715,8.20231421757937,43.0,57.0,0.0005073221284671386
716,8.20612983803798,42.0,58.0,0.0038156204586077633
717,8.220126507578842,43.0,57.0,0.013996669540863036
718,8.220621524018695,44.0,56.0,0.0004950164398524789
719,8.22147784586091,45.0,55.0,0.0008563218422156109
720,8.241026674625472,46.0,54.0,0.019548828764561658
721,8.25145679932003,45.0,55.0,0.010430124694557558
722,8.252689013765332,44.0,56.0,0.001232214445302815
723,8.253573643628766,43.0,57.0,0.0008846298634340197
724,8.312535545634006,44.0,56.0,0.05896190200524052
725,8.315504312197087,45.0,55.0,0.0029687665630802993
726,8.324140619319248,46.0,54.0,0.008636307122161953
727,8.33060160021216,45.0,55.0,0.006460980892912217
728,8.339428447774923,46.0,54.0,0.008826847562761473
729,8.344466828397076,45.0,55.0,0.005038380622154076
730,8.350008484953989,44.0,56.0,0.005541656556912599
731,8.355123314105446,45.0,55.0,0.005114829151456791
732,8.38042926337922,44.0,56.0,0.025305949273772967
733,8.393955908624834,43.0,57.0,0.013526645245613506
734,8.394285018558922,42.0,58.0,0.0003291099340875839
735,8.397295975629506,41.0,59.0,0.003010957070584213
736,8.399802801172287,40.0,60.0,0.0025068255427818666
737,8.402403246522507,41.0,59.0,0.0026004453502200707
738,8.408508094430825,42.0,58.0,0.0061048479083190615
739,8.410214233180676,41.0,59.0,0.0017061387498512228
740,8.410533436002178,42.0,58.0,0.0003192028215015267
741,8.421788006577675,43.0,57.0,0.011254570575497612
742,8.424606514574661,44.0,56.0,0.002818507996985642
743,8.430412790410227,43.0,57.0,0.005806275835566388
744,8.436444446483094,44.0,56.0,0.0060316560728675035
745,8.439896197072978,45.0,55.0,0.00345175058988425
746,8.452616862451952,44.0,56.0,0.012720665378974143
747,8.452999707059496,45.0,55.0,0.00038284460754256126
748,8.463721692283954,44.0,56.0,0.010721985224459156
749,8.47406754247263,45.0,55.0,0.010345850188676762
750,8.483440791951333,44.0,56.0,0.009373249478702807
751,8.48650624791354,45.0,55.0,0.0030654559622075666
