,0,1,2,3
0,0.0,10.0,90.0,0.0
1,0.004081511729242227,11.0,89.0,0.004081511729242227
2,0.006025818968060432,12.0,88.0,0.001944307238818205
3,0.006901526526193203,13.0,87.0,0.0008757075581327706
4,0.014433006714567062,14.0,86.0,0.007531480188373859
5,0.014501815042398631,15.0,85.0,6.88083278315688e-05
6,0.01646161005309088,16.0,84.0,0.0019597950106922503
7,0.01847208021599204,17.0,83.0,0.002010470162901158
8,0.026451718731756103,18.0,82.0,0.007979638515764064
9,0.038360384771611994,19.0,81.0,0.01190866603985589
10,0.04735611932564612,20.0,80.0,0.008995734554034133
11,0.061580161631836605,21.0,79.0,0.014224042306190482
12,0.07406430187833238,22.0,78.0,0.012484140246495768
13,0.09371940321492853,23.0,77.0,0.019655101336596145
14,0.10739411246369393,24.0,76.0,0.013674709248765397
15,0.1438502385919888,25.0,75.0,0.03645612612829488
16,0.14852930468891745,26.0,74.0,0.0046790660969286335
17,0.1535809525225281,27.0,73.0,0.005051647833610645
18,0.1612289771144307,28.0,72.0,0.00764802459190261
19,0.1629182497465619,29.0,71.0,0.0016892726321311928
20,0.196166192899674,30.0,70.0,0.033247943153112074
21,0.20741986245917776,31.0,69.0,0.01125366955950376
22,0.20903196183924463,32.0,68.0,0.0016120993800668795
23,0.21215147547491373,33.0,67.0,0.003119513635669097
24,0.2236508791926166,34.0,66.0,0.011499403717702857
25,0.22867463432655638,35.0,65.0,0.005023755133939799
26,0.23510472857620351,36.0,64.0,0.0064300942496471215
27,0.23520150608878895,37.0,63.0,9.677751258542628e-05
28,0.2423246841909204,38.0,62.0,0.007123178102131456
29,0.24259237917095774,39.0,61.0,0.0002676949800373552
30,0.2454309405427548,40.0,60.0,0.0028385613717970487
31,0.2699072296724987,41.0,59.0,0.024476289129743888
32,0.27107324450140846,42.0,58.0,0.001166014828909763
33,0.29265849058455456,43.0,57.0,0.02158524608314612
34,0.2940795673034747,42.0,58.0,0.0014210767189201368
35,0.2970460131681941,43.0,57.0,0.00296644586471942
36,0.32167772105744663,42.0,58.0,0.024631707889252515
37,0.3374821496272702,43.0,57.0,0.015804428569823545
38,0.3409894080466472,44.0,56.0,0.0035072584193770154
39,0.3497415558544149,45.0,55.0,0.00875214780776774
40,0.36924277884178713,46.0,54.0,0.019501222987372197
41,0.38797564980192156,47.0,53.0,0.018732870960134443
42,0.43624996090761203,48.0,52.0,0.04827431110569045
43,0.4424562371708691,49.0,51.0,0.006206276263257072
44,0.45642801553927076,50.0,50.0,0.013971778368401631
45,0.4670358153248356,51.0,49.0,0.010607799785564854
46,0.48935754128678327,52.0,48.0,0.022321725961947633
47,0.5435897144074836,53.0,47.0,0.05423217312070029
48,0.5456371812133171,54.0,46.0,0.0020474668058334316
49,0.5578245882875952,55.0,45.0,0.012187407074278128
50,0.5640559429117091,56.0,44.0,0.006231354624113944
51,0.5799276318109164,57.0,43.0,0.0158716888992073
52,0.5849016485739014,58.0,42.0,0.0049740167629849
53,0.599968133621921,59.0,41.0,0.015066485048019608
54,0.6210898310861696,58.0,42.0,0.021121697464248565
55,0.6244706417757964,59.0,41.0,0.0033808106896268276
56,0.6479204172539181,60.0,40.0,0.023449775478121816
57,0.6525488226488702,61.0,39.0,0.004628405394952058
58,0.6575903718986423,62.0,38.0,0.00504154924977223
59,0.712882924542022,61.0,39.0,0.05529255264337967
60,0.7459989749750603,60.0,40.0,0.03311605043303832
61,0.7514086330641176,59.0,41.0,0.005409658089057347
62,0.7789757262259698,60.0,40.0,0.027567093161852116
63,0.8308254808822734,61.0,39.0,0.05184975465630356
64,0.8763402484900753,60.0,40.0,0.04551476760780188
65,0.8840041245283903,61.0,39.0,0.00766387603831501
66,0.898479451914376,62.0,38.0,0.014475327385985714
67,0.8998141820210673,61.0,39.0,0.0013347301066913423
68,0.9730180370918653,62.0,38.0,0.07320385507079795
69,1.0081547540538525,63.0,37.0,0.035136716961987155
70,1.0083543124878114,64.0,36.0,0.00019955843395894307
71,1.0745260039047155,65.0,35.0,0.06617169141690415
72,1.0786120024300854,66.0,34.0,0.004085998525369876
73,1.083226572930543,67.0,33.0,0.004614570500457655
74,1.1036117766134157,68.0,32.0,0.020385203682872725
75,1.1293211860910664,67.0,33.0,0.025709409477650567
76,1.1672915418737297,66.0,34.0,0.03797035578266348
77,1.1972827081799795,67.0,33.0,0.029991166306249716
78,1.2257153613169747,66.0,34.0,0.02843265313699523
79,1.2504972257404567,65.0,35.0,0.02478186442348218
80,1.2514889637871804,64.0,36.0,0.000991738046723668
81,1.272051522518139,63.0,37.0,0.020562558730958566
82,1.3335901570566855,64.0,36.0,0.06153863453854642
83,1.3344365310022637,63.0,37.0,0.0008463739455780923
84,1.3481248179878869,64.0,36.0,0.013688286985623238
85,1.3491925351258254,63.0,37.0,0.0010677171379385566
86,1.352922939150093,64.0,36.0,0.003730404024267703
87,1.359376194956037,65.0,35.0,0.006453255805943926
88,1.412996846582125,64.0,36.0,0.05362065162608787
89,1.4369716133554125,65.0,35.0,0.023974766773287578
90,1.449907033540145,64.0,36.0,0.01293542018473239
91,1.4761448997858952,63.0,37.0,0.02623786624575026
92,1.5132845250025868,64.0,36.0,0.03713962521669148
93,1.5593897317574263,65.0,35.0,0.04610520675483945
94,1.5664197500786232,66.0,34.0,0.00703001832119689
95,1.5921822714471512,67.0,33.0,0.025762521368527955
96,1.6012571187536597,68.0,32.0,0.009074847306508456
97,1.6413314885250954,69.0,31.0,0.04007436977143557
98,1.6603919591010368,70.0,30.0,0.01906047057594139
99,1.6610900786306457,71.0,29.0,0.0006981195296090173
100,1.6880319896358402,72.0,28.0,0.026941911005194604
101,1.6901058407337155,73.0,27.0,0.0020738510978753543
102,1.6932029844411576,72.0,28.0,0.0030971437074419884
103,1.7289652120017316,73.0,27.0,0.03576222756057403
104,1.7715349477039322,72.0,28.0,0.04256973570220051
105,1.8103590322837686,73.0,27.0,0.038824084579836535
106,1.8627777814547695,74.0,26.0,0.05241874917100076
107,1.8718673185174752,73.0,27.0,0.009089537062705834
108,1.9384955328350684,74.0,26.0,0.06662821431759319
109,1.9393531050307025,75.0,25.0,0.0008575721956340703
110,1.9602298922719246,76.0,24.0,0.020876787241222147
111,1.9924909988787756,77.0,23.0,0.03226110660685092
112,2.0097538866281264,78.0,22.0,0.01726288774935081
113,2.053766739167275,79.0,21.0,0.044012852539148516
114,2.0747901437015326,80.0,20.0,0.021023404534257717
115,2.07707353496972,81.0,19.0,0.0022833912681873418
116,2.0831903803507767,80.0,20.0,0.006116845381056582
117,2.127172244551543,81.0,19.0,0.04398186420076607
118,2.1438870083680226,82.0,18.0,0.016714763816479662
119,2.2794571723845456,83.0,17.0,0.13557016401652303
120,2.3758528713077642,84.0,16.0,0.09639569892321885
121,2.411456826054721,85.0,15.0,0.03560395474695657
122,2.4247090796356736,84.0,16.0,0.013252253580952528
123,2.5059680223559893,85.0,15.0,0.08125894272031552
124,2.622212823535442,84.0,16.0,0.11624480117945249
125,2.6684693998968316,85.0,15.0,0.04625657636138976
126,2.683359261226142,86.0,14.0,0.014889861329310411
127,2.7010394420206683,87.0,13.0,0.01768018079452626
128,2.7674111761339257,86.0,14.0,0.06637173411325757
129,2.837056459080147,87.0,13.0,0.06964528294622119
130,2.855600840114908,86.0,14.0,0.01854438103476098
131,2.9038828351561343,87.0,13.0,0.04828199504122637
132,2.9512746350117713,88.0,12.0,0.047391799855636886
133,2.9825970681643774,87.0,13.0,0.031322433152605855
134,3.0741042896752226,88.0,12.0,0.09150722151084524
135,3.0999236328282764,89.0,11.0,0.025819343153053963
136,3.104812193357312,90.0,10.0,0.004888560529035483
137,3.1147153675489245,89.0,11.0,0.009903174191612473
138,3.1162682256060683,90.0,10.0,0.0015528580571435998
139,3.1286109000609206,91.0,9.0,0.012342674454852485
140,3.137497523822217,92.0,8.0,0.008886623761296163
141,3.157839163463125,91.0,9.0,0.020341639640908092
142,3.2519349898490164,92.0,8.0,0.09409582638589142
143,3.5512679737495185,93.0,7.0,0.2993329839005022
144,3.709369275654735,94.0,6.0,0.15810130190521643
145,3.7260089459830925,95.0,5.0,0.01663967032835716
146,3.7279907829134125,96.0,4.0,0.001981836930319753
147,3.875160330207547,95.0,5.0,0.14716954729413426
148,3.953761082026173,94.0,6.0,0.07860075181862626
149,4.1269835079824935,95.0,5.0,0.17322242595632065
150,4.6160602562195585,94.0,6.0,0.489076748237065
151,4.662650798996271,95.0,5.0,0.046590542776712526
152,4.762902700105036,94.0,6.0,0.10025190110876445
153,4.81861631757023,95.0,5.0,0.055713617465194674
154,4.960101384984402,94.0,6.0,0.14148506741417133
155,5.018960886792713,95.0,5.0,0.058859501808311614
156,5.157897527277033,96.0,4.0,0.1389366404843201
157,5.7233652568015945,97.0,3.0,0.5654677295245613
158,6.173611485168787,98.0,2.0,0.4502462283671925
159,6.651061218525829,99.0,1.0,0.47744973335704205
160,7.20693433891174,98.0,2.0,0.5558731203859109
161,7.463414020045322,99.0,1.0,0.25647968113358244
